anno  jd       2       3       5       8      10      11      14      15      16      39      40      41      45      47      48      49      55      56      57      60      83      84      85      86      87
2019   1  -999.0    16.0  -999.0    19.0  -999.0    40.0  -999.0  -999.0    17.0    12.0     7.0    17.0  -999.0  -999.0  -999.0    17.0  -999.0    16.0    18.0  -999.0  -999.0  -999.0  -999.0  -999.0    11.0
2019   2  -999.0    17.0  -999.0    21.0  -999.0    28.0  -999.0  -999.0    11.0    17.0    12.0    19.0  -999.0  -999.0  -999.0    17.0  -999.0    19.0    19.0  -999.0  -999.0  -999.0  -999.0  -999.0    18.0
2019   3  -999.0    13.0  -999.0     7.0  -999.0    12.0  -999.0  -999.0     5.0     4.0     7.0     9.0  -999.0  -999.0  -999.0     7.0  -999.0     8.0     8.0  -999.0  -999.0  -999.0  -999.0  -999.0     6.0
2019   4  -999.0    14.0  -999.0     6.0  -999.0    14.0  -999.0  -999.0     8.0     8.0     6.0    12.0  -999.0  -999.0  -999.0     8.0  -999.0     8.0     7.0  -999.0  -999.0  -999.0  -999.0  -999.0     6.0
2019   5  -999.0    24.0  -999.0    25.0  -999.0    20.0  -999.0  -999.0    25.0    20.0    14.0    39.0  -999.0  -999.0  -999.0    19.0  -999.0    20.0    21.0  -999.0  -999.0  -999.0  -999.0  -999.0    17.0
2019   6  -999.0    33.0  -999.0    36.0  -999.0    31.0  -999.0  -999.0    36.0    32.0    21.0    43.0  -999.0  -999.0  -999.0    29.0  -999.0    34.0    38.0  -999.0  -999.0  -999.0  -999.0  -999.0    26.0
2019   7  -999.0    34.0  -999.0    40.0  -999.0    68.0  -999.0  -999.0    37.0    39.0    31.0    42.0  -999.0  -999.0  -999.0    34.0  -999.0    39.0    50.0  -999.0  -999.0  -999.0  -999.0  -999.0    34.0
2019   8  -999.0    37.0  -999.0    33.0  -999.0    84.0  -999.0  -999.0    27.0    43.0    28.0    38.0  -999.0  -999.0  -999.0    35.0  -999.0    36.0    33.0  -999.0  -999.0  -999.0  -999.0  -999.0    27.0
2019   9  -999.0    14.0  -999.0    16.0  -999.0    61.0  -999.0  -999.0    17.0    15.0    15.0    20.0  -999.0  -999.0  -999.0    12.0  -999.0    16.0    19.0  -999.0  -999.0  -999.0  -999.0  -999.0    13.0
2019  10  -999.0     5.0  -999.0     5.0  -999.0    21.0  -999.0  -999.0     6.0     6.0     7.0  -999.0  -999.0  -999.0  -999.0     3.0  -999.0    10.0     8.0  -999.0  -999.0  -999.0  -999.0  -999.0     4.0
2019  11  -999.0     9.0  -999.0    10.0  -999.0    53.0  -999.0  -999.0    13.0     7.0     6.0  -999.0  -999.0  -999.0  -999.0     6.0  -999.0    11.0     8.0  -999.0  -999.0  -999.0  -999.0  -999.0     6.0
2019  12  -999.0    22.0  -999.0    26.0  -999.0    59.0  -999.0  -999.0    25.0    13.0    12.0  -999.0  -999.0  -999.0  -999.0    17.0  -999.0    18.0    19.0  -999.0  -999.0  -999.0  -999.0  -999.0    16.0
2019  13  -999.0    32.0  -999.0    43.0  -999.0    68.0  -999.0  -999.0    27.0    31.0    22.0    34.0  -999.0  -999.0  -999.0    31.0  -999.0    33.0    48.0  -999.0  -999.0  -999.0  -999.0  -999.0    47.0
2019  14  -999.0    23.0  -999.0    24.0  -999.0    47.0  -999.0  -999.0    17.0    21.0    15.0    24.0  -999.0  -999.0  -999.0    21.0  -999.0    23.0    20.0  -999.0  -999.0  -999.0  -999.0  -999.0    17.0
2019  15  -999.0    17.0  -999.0    31.0  -999.0    42.0  -999.0  -999.0    20.0    18.0  -999.0    22.0  -999.0  -999.0  -999.0    16.0  -999.0    21.0  -999.0  -999.0  -999.0  -999.0  -999.0  -999.0    24.0
2019  16  -999.0    25.0  -999.0    29.0  -999.0    60.0  -999.0  -999.0    21.0    27.0     8.0    21.0  -999.0  -999.0  -999.0    25.0  -999.0    28.0    26.0  -999.0  -999.0  -999.0  -999.0  -999.0    18.0
2019  17  -999.0    23.0  -999.0    13.0  -999.0  -999.0  -999.0  -999.0    10.0    20.0     9.0    19.0  -999.0  -999.0  -999.0    21.0  -999.0    20.0    15.0  -999.0  -999.0  -999.0  -999.0  -999.0     9.0
2019  18  -999.0    16.0  -999.0    14.0  -999.0  -999.0  -999.0  -999.0    13.0    13.0     5.0    18.0  -999.0  -999.0  -999.0    13.0  -999.0    12.0    18.0  -999.0  -999.0  -999.0  -999.0  -999.0     5.0
2019  19  -999.0    19.0  -999.0    12.0  -999.0    34.0  -999.0  -999.0    16.0    20.0    12.0    22.0  -999.0  -999.0  -999.0    18.0  -999.0    18.0    20.0  -999.0  -999.0  -999.0  -999.0  -999.0     9.0
2019  20  -999.0    25.0  -999.0    19.0  -999.0    34.0  -999.0  -999.0    18.0    23.0    17.0    22.0  -999.0  -999.0  -999.0    23.0  -999.0    24.0    28.0  -999.0  -999.0  -999.0  -999.0  -999.0    14.0
2019  21  -999.0    11.0  -999.0    14.0  -999.0    19.0  -999.0  -999.0    16.0    11.0     9.0    16.0  -999.0  -999.0  -999.0    10.0  -999.0    11.0    14.0  -999.0  -999.0  -999.0  -999.0  -999.0    12.0
2019  22  -999.0     7.0  -999.0    12.0  -999.0    15.0  -999.0  -999.0    12.0     8.0     9.0    16.0  -999.0  -999.0  -999.0     6.0  -999.0     9.0    16.0  -999.0  -999.0  -999.0  -999.0  -999.0    11.0
2019  23  -999.0    10.0  -999.0     9.0  -999.0    21.0  -999.0  -999.0    10.0    12.0     7.0    17.0  -999.0  -999.0  -999.0    10.0  -999.0    13.0    12.0  -999.0  -999.0  -999.0  -999.0  -999.0     6.0
2019  24  -999.0     8.0  -999.0    10.0  -999.0    22.0  -999.0  -999.0     9.0    11.0     7.0    15.0  -999.0  -999.0  -999.0     5.0  -999.0    13.0    11.0  -999.0  -999.0  -999.0  -999.0  -999.0     7.0
2019  25  -999.0    12.0  -999.0     9.0  -999.0    21.0  -999.0  -999.0     4.0     9.0    11.0    11.0  -999.0  -999.0  -999.0     9.0  -999.0    12.0    11.0  -999.0  -999.0  -999.0  -999.0  -999.0    10.0
2019  26  -999.0    19.0  -999.0    15.0  -999.0    26.0  -999.0  -999.0    19.0    15.0    12.0    19.0  -999.0  -999.0  -999.0    16.0  -999.0    17.0    18.0  -999.0  -999.0  -999.0  -999.0  -999.0    12.0
2019  27  -999.0    22.0  -999.0    21.0  -999.0    67.0  -999.0  -999.0    15.0    22.0    19.0    35.0  -999.0  -999.0  -999.0    25.0  -999.0    22.0    27.0  -999.0  -999.0  -999.0  -999.0  -999.0    15.0
2019  28  -999.0    11.0  -999.0     9.0  -999.0    25.0  -999.0  -999.0    10.0     8.0     7.0    10.0  -999.0  -999.0  -999.0     8.0  -999.0     9.0    14.0  -999.0  -999.0  -999.0  -999.0  -999.0    11.0
2019  29  -999.0    16.0  -999.0    13.0  -999.0    35.0  -999.0  -999.0    17.0    15.0    10.0    19.0  -999.0  -999.0  -999.0    12.0  -999.0    15.0    14.0  -999.0  -999.0  -999.0  -999.0  -999.0    13.0
2019  30  -999.0    15.0  -999.0    18.0  -999.0  -999.0  -999.0  -999.0    15.0  -999.0    10.0    22.0  -999.0  -999.0  -999.0    12.0  -999.0    14.0    17.0  -999.0  -999.0  -999.0  -999.0  -999.0    12.0
2019  31  -999.0    13.0  -999.0     7.0  -999.0  -999.0  -999.0  -999.0     6.0  -999.0     5.0    11.0  -999.0  -999.0  -999.0    10.0  -999.0    11.0     8.0  -999.0  -999.0  -999.0  -999.0  -999.0     6.0
2019  32  -999.0    10.0  -999.0     5.0  -999.0  -999.0  -999.0  -999.0     4.0  -999.0     7.0     5.0  -999.0  -999.0  -999.0     7.0  -999.0     7.0     7.0  -999.0  -999.0  -999.0  -999.0  -999.0     5.0
2019  33  -999.0     5.0  -999.0     5.0  -999.0  -999.0  -999.0  -999.0     6.0  -999.0     3.0     7.0  -999.0  -999.0  -999.0     4.0  -999.0     6.0     9.0  -999.0  -999.0  -999.0  -999.0  -999.0     5.0
2019  34  -999.0    11.0  -999.0     7.0  -999.0  -999.0  -999.0  -999.0     7.0     7.0     5.0     8.0  -999.0  -999.0  -999.0     7.0  -999.0     7.0     9.0  -999.0  -999.0  -999.0  -999.0  -999.0     6.0
2019  35  -999.0    15.0  -999.0     6.0  -999.0  -999.0  -999.0  -999.0     9.0     9.0     7.0    11.0  -999.0  -999.0  -999.0    12.0  -999.0    11.0     9.0  -999.0  -999.0  -999.0  -999.0  -999.0     7.0
2019  36  -999.0    12.0  -999.0     9.0  -999.0  -999.0  -999.0  -999.0    12.0     8.0     7.0    10.0  -999.0  -999.0  -999.0    11.0  -999.0    10.0     9.0  -999.0  -999.0  -999.0  -999.0  -999.0     8.0
2019  37  -999.0    18.0  -999.0    12.0  -999.0    41.0  -999.0  -999.0    16.0    11.0     9.0    19.0  -999.0  -999.0  -999.0    15.0  -999.0    13.0    12.0  -999.0  -999.0  -999.0  -999.0  -999.0    10.0
2019  38  -999.0    18.0  -999.0    18.0  -999.0    47.0  -999.0  -999.0    25.0    16.0    12.0    22.0  -999.0  -999.0  -999.0    15.0  -999.0    17.0    14.0  -999.0  -999.0  -999.0  -999.0  -999.0    13.0
2019  39  -999.0    28.0  -999.0    23.0  -999.0    46.0  -999.0  -999.0    26.0    27.0    24.0    25.0  -999.0  -999.0  -999.0    28.0  -999.0    29.0    30.0  -999.0  -999.0  -999.0  -999.0  -999.0    28.0
2019  40  -999.0    33.0  -999.0    25.0  -999.0    41.0  -999.0  -999.0    27.0    29.0    22.0    27.0  -999.0  -999.0  -999.0    28.0  -999.0    29.0    31.0  -999.0  -999.0  -999.0  -999.0  -999.0    25.0
2019  41  -999.0    19.0  -999.0     8.0  -999.0    39.0  -999.0  -999.0    11.0    20.0     8.0    14.0  -999.0  -999.0  -999.0    18.0  -999.0    13.0    11.0  -999.0  -999.0  -999.0  -999.0  -999.0     5.0
2019  42  -999.0     8.0  -999.0     7.0  -999.0    17.0  -999.0  -999.0    12.0     9.0     9.0    12.0  -999.0  -999.0  -999.0     7.0  -999.0     8.0    10.0  -999.0  -999.0  -999.0  -999.0  -999.0    10.0
2019  43  -999.0    15.0  -999.0    13.0  -999.0    21.0  -999.0  -999.0    16.0    11.0    10.0    13.0  -999.0  -999.0  -999.0    12.0  -999.0    12.0    12.0  -999.0  -999.0  -999.0  -999.0  -999.0    12.0
2019  44  -999.0    14.0  -999.0    13.0  -999.0    22.0  -999.0  -999.0    11.0    12.0     8.0    17.0  -999.0  -999.0  -999.0    13.0  -999.0    10.0    11.0  -999.0  -999.0  -999.0  -999.0  -999.0     9.0
2019  45  -999.0    16.0  -999.0    13.0  -999.0    36.0  -999.0  -999.0    15.0    11.0  -999.0    16.0  -999.0  -999.0  -999.0    14.0  -999.0    10.0    12.0  -999.0  -999.0  -999.0  -999.0  -999.0     7.0
2019  46  -999.0    20.0  -999.0    18.0  -999.0    40.0  -999.0  -999.0    13.0    14.0    10.0    18.0  -999.0  -999.0  -999.0  -999.0  -999.0    16.0    14.0  -999.0  -999.0  -999.0  -999.0  -999.0    17.0
2019  47  -999.0    15.0  -999.0    24.0  -999.0    40.0  -999.0  -999.0    22.0    13.0    13.0    26.0  -999.0  -999.0  -999.0    16.0  -999.0    18.0    17.0  -999.0  -999.0  -999.0  -999.0  -999.0    21.0
2019  48  -999.0    31.0  -999.0    30.0  -999.0    50.0  -999.0  -999.0    27.0    31.0    29.0    30.0  -999.0  -999.0  -999.0    33.0  -999.0    31.0    38.0  -999.0  -999.0  -999.0  -999.0  -999.0    33.0
2019  49  -999.0    36.0  -999.0    31.0  -999.0    58.0  -999.0  -999.0    23.0    35.0    33.0    38.0  -999.0  -999.0  -999.0    36.0  -999.0    34.0    39.0  -999.0  -999.0  -999.0  -999.0  -999.0    33.0
2019  50  -999.0    41.0  -999.0    48.0  -999.0    66.0  -999.0  -999.0    49.0    43.0    30.0    45.0  -999.0  -999.0  -999.0    42.0  -999.0    45.0    46.0  -999.0  -999.0  -999.0  -999.0  -999.0    25.0
2019  51  -999.0    33.0  -999.0    26.0  -999.0    53.0  -999.0  -999.0    38.0    30.0    28.0    36.0  -999.0  -999.0  -999.0    33.0  -999.0    34.0    34.0  -999.0  -999.0  -999.0  -999.0  -999.0    28.0
2019  52  -999.0    30.0  -999.0    28.0  -999.0    46.0  -999.0  -999.0    31.0    27.0    21.0    31.0  -999.0  -999.0  -999.0    29.0  -999.0    28.0    26.0  -999.0  -999.0  -999.0  -999.0  -999.0    21.0
2019  53  -999.0    30.0  -999.0    26.0  -999.0    51.0  -999.0  -999.0    28.0    27.0    23.0    29.0  -999.0  -999.0  -999.0    28.0  -999.0    26.0    30.0  -999.0  -999.0  -999.0  -999.0  -999.0    26.0
2019  54  -999.0    17.0  -999.0    15.0  -999.0    19.0  -999.0  -999.0    13.0    11.0    30.0    16.0  -999.0  -999.0  -999.0     7.0  -999.0    14.0    14.0  -999.0  -999.0  -999.0  -999.0  -999.0    13.0
2019  55  -999.0    11.0  -999.0     7.0  -999.0    17.0  -999.0  -999.0     8.0     7.0     7.0     6.0  -999.0  -999.0  -999.0     7.0  -999.0     8.0     9.0  -999.0  -999.0  -999.0  -999.0  -999.0     5.0
2019  56  -999.0    13.0  -999.0     9.0  -999.0    15.0  -999.0  -999.0    10.0     6.0    11.0    11.0  -999.0  -999.0  -999.0    10.0  -999.0     9.0     9.0  -999.0  -999.0  -999.0  -999.0  -999.0     7.0
2019  57  -999.0    27.0  -999.0    23.0  -999.0    34.0  -999.0  -999.0    28.0    22.0    18.0    31.0  -999.0  -999.0  -999.0    22.0  -999.0    24.0    22.0  -999.0  -999.0  -999.0  -999.0  -999.0    17.0
2019  58  -999.0    20.0  -999.0    18.0  -999.0    37.0  -999.0  -999.0    22.0    18.0    16.0    25.0  -999.0  -999.0  -999.0    22.0  -999.0    23.0    20.0  -999.0  -999.0  -999.0  -999.0  -999.0    21.0
2019  59  -999.0    13.0  -999.0    22.0  -999.0    31.0  -999.0  -999.0    21.0    16.0    13.0    24.0  -999.0  -999.0  -999.0    12.0  -999.0    22.0    20.0  -999.0  -999.0  -999.0  -999.0  -999.0    17.0
2019  60  -999.0    14.0  -999.0    16.0  -999.0    43.0  -999.0  -999.0    20.0    19.0    14.0    23.0  -999.0  -999.0  -999.0    10.0  -999.0    18.0    18.0  -999.0  -999.0  -999.0  -999.0  -999.0    15.0
2019  61  -999.0    22.0  -999.0    25.0  -999.0    30.0  -999.0  -999.0    27.0    23.0    18.0    36.0  -999.0  -999.0  -999.0    20.0  -999.0    24.0    24.0  -999.0  -999.0  -999.0  -999.0  -999.0    20.0
2019  62  -999.0    22.0  -999.0    20.0  -999.0    36.0  -999.0  -999.0    19.0    19.0    12.0    23.0  -999.0  -999.0  -999.0    20.0  -999.0    21.0    24.0  -999.0  -999.0  -999.0  -999.0  -999.0    16.0
2019  63  -999.0    15.0  -999.0     9.0  -999.0    21.0  -999.0  -999.0    12.0    13.0    11.0    13.0  -999.0  -999.0  -999.0    12.0  -999.0    13.0    15.0  -999.0  -999.0  -999.0  -999.0  -999.0    15.0
2019  64  -999.0    15.0  -999.0    16.0  -999.0    24.0  -999.0  -999.0    12.0    13.0    11.0    15.0  -999.0  -999.0  -999.0    13.0  -999.0    15.0    15.0  -999.0  -999.0  -999.0  -999.0  -999.0    15.0
2019  65  -999.0    20.0  -999.0    21.0  -999.0    27.0  -999.0  -999.0    13.0    16.0    15.0    14.0  -999.0  -999.0  -999.0    16.0  -999.0    19.0    17.0  -999.0  -999.0  -999.0  -999.0  -999.0    17.0
2019  66  -999.0    21.0  -999.0    15.0  -999.0    25.0  -999.0  -999.0    16.0    15.0    13.0    16.0  -999.0  -999.0  -999.0    16.0  -999.0    20.0    15.0  -999.0  -999.0  -999.0  -999.0  -999.0     9.0
2019  67  -999.0    24.0  -999.0    14.0  -999.0    24.0  -999.0  -999.0    19.0    16.0    12.0    17.0  -999.0  -999.0  -999.0    18.0  -999.0    19.0    16.0  -999.0  -999.0  -999.0  -999.0  -999.0    12.0
2019  68  -999.0    19.0  -999.0    14.0  -999.0    24.0  -999.0  -999.0    13.0    10.0    11.0    14.0  -999.0  -999.0  -999.0    14.0  -999.0    13.0    14.0  -999.0  -999.0  -999.0  -999.0  -999.0    12.0
2019  69  -999.0    14.0  -999.0     6.0  -999.0    33.0  -999.0  -999.0     8.0     7.0     6.0    18.0  -999.0  -999.0  -999.0     8.0  -999.0     7.0     9.0  -999.0  -999.0  -999.0  -999.0  -999.0     4.0
2019  70  -999.0     8.0  -999.0     9.0  -999.0    13.0  -999.0  -999.0    10.0     8.0     8.0    10.0  -999.0  -999.0  -999.0     7.0  -999.0     8.0     8.0  -999.0  -999.0  -999.0  -999.0  -999.0     7.0
2019  71  -999.0    12.0  -999.0     6.0  -999.0  -999.0  -999.0  -999.0     6.0     6.0     6.0     6.0  -999.0  -999.0  -999.0     4.0  -999.0     5.0     6.0  -999.0  -999.0  -999.0  -999.0  -999.0     6.0
2019  72  -999.0     9.0  -999.0    10.0  -999.0  -999.0  -999.0  -999.0     8.0    10.0     7.0     9.0  -999.0  -999.0  -999.0     8.0  -999.0    10.0    10.0  -999.0  -999.0  -999.0  -999.0  -999.0    10.0
2019  73  -999.0     7.0  -999.0     6.0  -999.0    11.0  -999.0  -999.0     7.0     5.0     6.0     7.0  -999.0  -999.0  -999.0     5.0  -999.0     7.0     6.0  -999.0  -999.0  -999.0  -999.0  -999.0     7.0
2019  74  -999.0    14.0  -999.0     9.0  -999.0    15.0  -999.0  -999.0    12.0    11.0    10.0    14.0  -999.0  -999.0  -999.0    13.0  -999.0    12.0    12.0  -999.0  -999.0  -999.0  -999.0  -999.0    11.0
2019  75  -999.0    16.0  -999.0    10.0  -999.0    36.0  -999.0  -999.0    15.0    13.0     8.0    18.0  -999.0  -999.0  -999.0    13.0  -999.0    12.0    11.0  -999.0  -999.0  -999.0  -999.0  -999.0    11.0
2019  76  -999.0    16.0  -999.0    16.0  -999.0    22.0  -999.0  -999.0    12.0    14.0  -999.0    15.0  -999.0  -999.0  -999.0    17.0  -999.0    14.0    17.0  -999.0  -999.0  -999.0  -999.0  -999.0    10.0
2019  77  -999.0    11.0  -999.0     8.0  -999.0    19.0  -999.0  -999.0     9.0     8.0  -999.0    13.0  -999.0  -999.0  -999.0     9.0  -999.0     9.0  -999.0  -999.0  -999.0  -999.0  -999.0  -999.0     7.0
2019  78  -999.0    11.0  -999.0     8.0  -999.0    21.0  -999.0  -999.0     8.0     8.0     9.0     9.0  -999.0  -999.0  -999.0     9.0  -999.0    10.0     9.0  -999.0  -999.0  -999.0  -999.0  -999.0     8.0
2019  79  -999.0    11.0  -999.0     8.0  -999.0    29.0  -999.0  -999.0    11.0     6.0     8.0    13.0  -999.0  -999.0  -999.0     7.0  -999.0     9.0     7.0  -999.0  -999.0  -999.0  -999.0  -999.0     7.0
2019  80  -999.0    15.0  -999.0    10.0  -999.0  -999.0  -999.0  -999.0    11.0    12.0    11.0    13.0  -999.0  -999.0  -999.0    12.0  -999.0    12.0    11.0  -999.0  -999.0  -999.0  -999.0  -999.0    10.0
2019  81  -999.0    19.0  -999.0    15.0  -999.0    31.0  -999.0  -999.0    18.0    15.0    15.0    17.0  -999.0  -999.0  -999.0    16.0  -999.0    16.0    13.0  -999.0  -999.0  -999.0  -999.0  -999.0    13.0
2019  82  -999.0    21.0  -999.0    19.0  -999.0    32.0  -999.0  -999.0    21.0    16.0    16.0    17.0  -999.0  -999.0  -999.0    19.0  -999.0    22.0    22.0  -999.0  -999.0  -999.0  -999.0  -999.0    20.0
2019  83  -999.0    21.0  -999.0    21.0  -999.0  -999.0  -999.0  -999.0    23.0    22.0    20.0    19.0  -999.0  -999.0  -999.0    20.0  -999.0    26.0    24.0  -999.0  -999.0  -999.0  -999.0  -999.0    24.0
2019  84  -999.0    16.0  -999.0    18.0  -999.0  -999.0  -999.0  -999.0    15.0    19.0    13.0    17.0  -999.0  -999.0  -999.0    15.0  -999.0    19.0    19.0  -999.0  -999.0  -999.0  -999.0  -999.0    16.0
2019  85  -999.0    11.0  -999.0    12.0  -999.0  -999.0  -999.0  -999.0    12.0    15.0    11.0    13.0  -999.0  -999.0  -999.0    11.0  -999.0    15.0    11.0  -999.0  -999.0  -999.0  -999.0  -999.0    12.0
2019  86  -999.0     8.0  -999.0     7.0  -999.0    14.0  -999.0  -999.0     8.0     6.0     8.0     9.0  -999.0  -999.0  -999.0     6.0  -999.0    11.0     8.0  -999.0  -999.0  -999.0  -999.0  -999.0     7.0
2019  87  -999.0    13.0  -999.0     8.0  -999.0    15.0  -999.0  -999.0     5.0     9.0     9.0    10.0  -999.0  -999.0  -999.0     9.0  -999.0    11.0     9.0  -999.0  -999.0  -999.0  -999.0  -999.0     9.0
2019  88  -999.0    18.0  -999.0    10.0  -999.0    20.0  -999.0  -999.0    12.0    10.0    11.0    12.0  -999.0  -999.0  -999.0    14.0  -999.0    14.0     9.0  -999.0  -999.0  -999.0  -999.0  -999.0    10.0
2019  89  -999.0    13.0  -999.0    11.0  -999.0    24.0  -999.0  -999.0    17.0    16.0    10.0    15.0  -999.0  -999.0  -999.0    14.0  -999.0    14.0    13.0  -999.0  -999.0  -999.0  -999.0  -999.0    10.0
2019  90  -999.0    17.0  -999.0    16.0  -999.0    27.0  -999.0  -999.0    17.0    18.0    18.0    16.0  -999.0  -999.0  -999.0    16.0  -999.0    18.0    20.0  -999.0  -999.0  -999.0  -999.0  -999.0    17.0
2019  91  -999.0    19.0  -999.0    18.0  -999.0    26.0  -999.0  -999.0    19.0    23.0    19.0    19.0  -999.0  -999.0  -999.0    17.0  -999.0    23.0    25.0  -999.0  -999.0  -999.0  -999.0  -999.0    17.0
2019  92  -999.0    17.0  -999.0    15.0  -999.0    28.0  -999.0  -999.0    18.0    17.0    17.0    20.0  -999.0  -999.0  -999.0    17.0  -999.0    19.0    21.0  -999.0  -999.0  -999.0  -999.0  -999.0    16.0
2019  93  -999.0    10.0  -999.0    11.0  -999.0    19.0  -999.0  -999.0    11.0    14.0    10.0    17.0  -999.0  -999.0  -999.0     8.0  -999.0    14.0    11.0  -999.0  -999.0  -999.0  -999.0  -999.0     9.0
2019  94  -999.0     5.0  -999.0     6.0  -999.0    11.0  -999.0  -999.0     7.0     8.0     8.0    11.0  -999.0  -999.0  -999.0     5.0  -999.0    10.0     8.0  -999.0  -999.0  -999.0  -999.0  -999.0     8.0
2019  95  -999.0     5.0  -999.0     5.0  -999.0     6.0  -999.0  -999.0     6.0     5.0     5.0     7.0  -999.0  -999.0  -999.0     5.0  -999.0     8.0     6.0  -999.0  -999.0  -999.0  -999.0  -999.0     5.0
2019  96  -999.0    11.0  -999.0     9.0  -999.0    18.0  -999.0  -999.0    12.0     9.0     8.0    10.0  -999.0  -999.0  -999.0     8.0  -999.0    11.0    11.0  -999.0  -999.0  -999.0  -999.0  -999.0     7.0
2019  97  -999.0     9.0  -999.0     5.0  -999.0     9.0  -999.0  -999.0     7.0    12.0     4.0     7.0  -999.0  -999.0  -999.0     8.0  -999.0     7.0     5.0  -999.0  -999.0  -999.0  -999.0  -999.0     4.0
2019  98  -999.0    10.0  -999.0     7.0  -999.0     7.0  -999.0  -999.0     8.0     6.0     6.0     6.0  -999.0  -999.0  -999.0     8.0  -999.0     7.0     6.0  -999.0  -999.0  -999.0  -999.0  -999.0     5.0
2019  99  -999.0     9.0  -999.0     6.0  -999.0     9.0  -999.0  -999.0    10.0     8.0     5.0     9.0  -999.0  -999.0  -999.0     7.0  -999.0     6.0     8.0  -999.0  -999.0  -999.0  -999.0  -999.0     6.0
2019 100  -999.0    12.0  -999.0     9.0  -999.0    16.0  -999.0  -999.0     9.0    11.0     8.0    12.0  -999.0  -999.0  -999.0    12.0  -999.0    11.0    11.0  -999.0  -999.0  -999.0  -999.0  -999.0     7.0
2019 101  -999.0    12.0  -999.0     9.0  -999.0    13.0  -999.0  -999.0    10.0    10.0     8.0     9.0  -999.0  -999.0  -999.0    10.0  -999.0    11.0     9.0  -999.0  -999.0  -999.0  -999.0  -999.0     8.0
2019 102  -999.0    10.0  -999.0     8.0  -999.0    12.0  -999.0  -999.0     8.0     7.0     9.0     9.0  -999.0  -999.0  -999.0    11.0  -999.0     9.0     9.0  -999.0  -999.0  -999.0  -999.0  -999.0    11.0
2019 103  -999.0    12.0  -999.0     9.0  -999.0    12.0  -999.0  -999.0     9.0    10.0     8.0     9.0  -999.0  -999.0  -999.0     7.0  -999.0     9.0    10.0  -999.0  -999.0  -999.0  -999.0  -999.0     8.0
2019 104  -999.0    12.0  -999.0     9.0  -999.0    11.0  -999.0  -999.0     7.0     8.0     9.0     9.0  -999.0  -999.0  -999.0    10.0  -999.0    10.0    10.0  -999.0  -999.0  -999.0  -999.0  -999.0    12.0
2019 105  -999.0    13.0  -999.0    10.0  -999.0    10.0  -999.0  -999.0     7.0     9.0    12.0     9.0  -999.0  -999.0  -999.0    11.0  -999.0    12.0    10.0  -999.0  -999.0  -999.0  -999.0  -999.0    10.0
2019 106  -999.0    19.0  -999.0    13.0  -999.0    15.0  -999.0  -999.0    13.0    12.0    14.0  -999.0  -999.0  -999.0  -999.0    17.0  -999.0    17.0    16.0  -999.0  -999.0  -999.0  -999.0  -999.0    14.0
2019 107  -999.0    12.0  -999.0    12.0  -999.0    17.0  -999.0  -999.0    15.0    15.0    17.0  -999.0  -999.0  -999.0  -999.0    20.0  -999.0    18.0    16.0  -999.0  -999.0  -999.0  -999.0  -999.0    15.0
2019 108  -999.0    22.0  -999.0    15.0  -999.0    18.0  -999.0  -999.0    15.0    14.0    18.0  -999.0  -999.0  -999.0  -999.0    21.0  -999.0    18.0    17.0  -999.0  -999.0  -999.0  -999.0  -999.0    15.0
2019 109  -999.0    17.0  -999.0    14.0  -999.0    14.0  -999.0  -999.0    14.0    13.0    16.0    13.0  -999.0  -999.0  -999.0    18.0  -999.0    16.0    14.0  -999.0  -999.0  -999.0  -999.0  -999.0    14.0
2019 110  -999.0    18.0  -999.0    14.0  -999.0    19.0  -999.0  -999.0    16.0    16.0    16.0    14.0  -999.0  -999.0  -999.0    15.0  -999.0    15.0    15.0  -999.0  -999.0  -999.0  -999.0  -999.0    15.0
2019 111  -999.0    15.0  -999.0    15.0  -999.0    24.0  -999.0  -999.0    15.0    19.0    21.0    15.0  -999.0  -999.0  -999.0    14.0  -999.0    18.0    17.0  -999.0  -999.0  -999.0  -999.0  -999.0    17.0
2019 112  -999.0    11.0  -999.0    13.0  -999.0  -999.0  -999.0  -999.0    15.0    15.0    27.0    15.0  -999.0  -999.0  -999.0    11.0  -999.0    22.0    19.0  -999.0  -999.0  -999.0  -999.0  -999.0    24.0
2019 113  -999.0    15.0  -999.0     8.0  -999.0  -999.0  -999.0  -999.0    12.0    10.0    14.0    15.0  -999.0  -999.0  -999.0    11.0  -999.0    22.0    18.0  -999.0  -999.0  -999.0  -999.0  -999.0    15.0
2019 114  -999.0    26.0  -999.0    13.0  -999.0    22.0  -999.0  -999.0    18.0    18.0    22.0    21.0  -999.0  -999.0  -999.0    22.0  -999.0    30.0    30.0  -999.0  -999.0  -999.0  -999.0  -999.0    27.0
2019 115  -999.0    13.0  -999.0    15.0  -999.0    16.0  -999.0  -999.0    18.0    16.0    18.0    19.0  -999.0  -999.0  -999.0    24.0  -999.0    22.0    23.0  -999.0  -999.0  -999.0  -999.0  -999.0    21.0
2019 116  -999.0    22.0  -999.0    11.0  -999.0    16.0  -999.0  -999.0    15.0    15.0    10.0    17.0  -999.0  -999.0  -999.0    17.0  -999.0    17.0    15.0  -999.0  -999.0  -999.0  -999.0  -999.0    13.0
2019 117  -999.0     9.0  -999.0     3.0  -999.0     8.0  -999.0  -999.0     6.0     6.0  -999.0     5.0  -999.0  -999.0  -999.0     7.0  -999.0     6.0     7.0  -999.0  -999.0  -999.0  -999.0  -999.0     6.0
2019 118  -999.0     8.0  -999.0     7.0  -999.0     9.0  -999.0  -999.0     6.0     5.0     6.0     8.0  -999.0  -999.0  -999.0     5.0  -999.0     6.0     8.0  -999.0  -999.0  -999.0  -999.0  -999.0     7.0
2019 119  -999.0     6.0  -999.0     6.0  -999.0     8.0  -999.0  -999.0     6.0     4.0     5.0     6.0  -999.0  -999.0  -999.0     5.0  -999.0     5.0     6.0  -999.0  -999.0  -999.0  -999.0  -999.0     7.0
2019 120  -999.0     7.0  -999.0     7.0  -999.0     9.0  -999.0  -999.0     4.0     7.0     8.0     6.0  -999.0  -999.0  -999.0     5.0  -999.0     4.0     5.0  -999.0  -999.0  -999.0  -999.0  -999.0     6.0
2019 121  -999.0     9.0  -999.0     8.0  -999.0    12.0  -999.0  -999.0     8.0     6.0     7.0    10.0  -999.0  -999.0  -999.0     8.0  -999.0     9.0     8.0  -999.0  -999.0  -999.0  -999.0  -999.0     7.0
2019 122  -999.0    10.0  -999.0    11.0  -999.0  -999.0  -999.0  -999.0     9.0     7.0     7.0     7.0  -999.0  -999.0  -999.0    10.0  -999.0     9.0    10.0  -999.0  -999.0  -999.0  -999.0  -999.0     8.0
2019 123  -999.0     8.0  -999.0     7.0  -999.0    10.0  -999.0  -999.0     7.0     7.0     7.0     7.0  -999.0  -999.0  -999.0     6.0  -999.0     7.0     7.0  -999.0  -999.0  -999.0  -999.0  -999.0     5.0
2019 124  -999.0     5.0  -999.0     9.0  -999.0     9.0  -999.0  -999.0     6.0     6.0     6.0     6.0  -999.0  -999.0  -999.0     4.0  -999.0     7.0     8.0  -999.0  -999.0  -999.0  -999.0  -999.0     5.0
2019 125  -999.0     5.0  -999.0     4.0  -999.0     8.0  -999.0  -999.0     6.0     7.0     8.0     6.0  -999.0  -999.0  -999.0     3.0  -999.0     7.0     7.0  -999.0  -999.0  -999.0  -999.0  -999.0     8.0
2019 126  -999.0     6.0  -999.0     5.0  -999.0     5.0  -999.0  -999.0     7.0     4.0     5.0     3.0  -999.0  -999.0  -999.0     4.0  -999.0  -999.0     4.0  -999.0  -999.0  -999.0  -999.0  -999.0     5.0
2019 127  -999.0    12.0  -999.0     6.0  -999.0     9.0  -999.0  -999.0     6.0     6.0     6.0     7.0  -999.0  -999.0  -999.0    11.0  -999.0     6.0     6.0  -999.0  -999.0  -999.0  -999.0  -999.0     6.0
2019 128  -999.0    12.0  -999.0    10.0  -999.0    10.0  -999.0  -999.0     7.0     8.0     9.0     7.0  -999.0  -999.0  -999.0    11.0  -999.0     7.0     9.0  -999.0  -999.0  -999.0  -999.0  -999.0     6.0
2019 129  -999.0    12.0  -999.0     8.0  -999.0    11.0  -999.0  -999.0     8.0     8.0     7.0     9.0  -999.0  -999.0  -999.0    10.0  -999.0    11.0     8.0  -999.0  -999.0  -999.0  -999.0  -999.0     8.0
2019 130  -999.0    11.0  -999.0    12.0  -999.0    11.0  -999.0  -999.0    11.0     8.0     8.0     9.0  -999.0  -999.0  -999.0     8.0  -999.0    11.0     8.0  -999.0  -999.0  -999.0  -999.0  -999.0     8.0
2019 131  -999.0    12.0  -999.0    10.0  -999.0    12.0  -999.0  -999.0     9.0    12.0     9.0     8.0  -999.0  -999.0  -999.0     6.0  -999.0     8.0     9.0  -999.0  -999.0  -999.0  -999.0  -999.0     7.0
2019 132  -999.0     5.0  -999.0     5.0  -999.0    10.0  -999.0  -999.0     6.0     5.0     4.0     6.0  -999.0  -999.0  -999.0     5.0  -999.0     6.0     5.0  -999.0  -999.0  -999.0  -999.0  -999.0     5.0
2019 133  -999.0     6.0  -999.0     6.0  -999.0    10.0  -999.0  -999.0     4.0  -999.0    11.0     5.0  -999.0  -999.0  -999.0     4.0  -999.0     4.0     4.0  -999.0  -999.0  -999.0  -999.0  -999.0     7.0
2019 134  -999.0     4.0  -999.0     4.0  -999.0     5.0  -999.0  -999.0     5.0     4.0     6.0  -999.0  -999.0  -999.0  -999.0     2.0  -999.0     4.0     5.0  -999.0  -999.0  -999.0  -999.0  -999.0     7.0
2019 135  -999.0     6.0  -999.0     4.0  -999.0     6.0  -999.0  -999.0     6.0     4.0     5.0  -999.0  -999.0  -999.0  -999.0     6.0  -999.0     7.0     7.0  -999.0  -999.0  -999.0  -999.0  -999.0     4.0
2019 136  -999.0     6.0  -999.0     7.0  -999.0     7.0  -999.0  -999.0     6.0     4.0     5.0  -999.0  -999.0  -999.0  -999.0     7.0  -999.0     5.0     4.0  -999.0  -999.0  -999.0  -999.0  -999.0     5.0
2019 137  -999.0     8.0  -999.0     5.0  -999.0     8.0  -999.0  -999.0     6.0    10.0     8.0  -999.0  -999.0  -999.0  -999.0     6.0  -999.0     7.0     7.0  -999.0  -999.0  -999.0  -999.0  -999.0     7.0
2019 138  -999.0     7.0  -999.0     5.0  -999.0     7.0  -999.0  -999.0     5.0     6.0     6.0  -999.0  -999.0  -999.0  -999.0     5.0  -999.0     7.0     7.0  -999.0  -999.0  -999.0  -999.0  -999.0     6.0
2019 139  -999.0     6.0  -999.0     3.0  -999.0     6.0  -999.0  -999.0     5.0     4.0     3.0     6.0  -999.0  -999.0  -999.0     4.0  -999.0     4.0     4.0  -999.0  -999.0  -999.0  -999.0  -999.0     4.0
2019 140  -999.0     6.0  -999.0     3.0  -999.0     8.0  -999.0  -999.0     3.0     5.0     4.0     4.0  -999.0  -999.0  -999.0     5.0  -999.0     4.0     4.0  -999.0  -999.0  -999.0  -999.0  -999.0     4.0
2019 141  -999.0    12.0  -999.0     7.0  -999.0     8.0  -999.0  -999.0     6.0     4.0     5.0     6.0  -999.0  -999.0  -999.0     8.0  -999.0     6.0     6.0  -999.0  -999.0  -999.0  -999.0  -999.0     8.0
2019 142  -999.0    13.0  -999.0     8.0  -999.0     9.0  -999.0  -999.0     8.0     5.0     6.0     8.0  -999.0  -999.0  -999.0    11.0  -999.0     8.0     8.0  -999.0  -999.0  -999.0  -999.0  -999.0     7.0
2019 143  -999.0    11.0  -999.0     7.0  -999.0    10.0  -999.0  -999.0     8.0     9.0    10.0     9.0  -999.0  -999.0  -999.0    11.0  -999.0     9.0    11.0  -999.0  -999.0  -999.0  -999.0  -999.0    10.0
2019 144  -999.0    12.0  -999.0    10.0  -999.0    12.0  -999.0  -999.0     7.0    10.0     9.0     9.0  -999.0  -999.0  -999.0    10.0  -999.0     9.0  -999.0  -999.0  -999.0  -999.0  -999.0  -999.0     9.0
2019 145  -999.0    13.0  -999.0    12.0  -999.0    14.0  -999.0  -999.0    12.0    11.0     9.0    11.0  -999.0  -999.0  -999.0    12.0  -999.0    11.0    14.0  -999.0  -999.0  -999.0  -999.0  -999.0    10.0
2019 146  -999.0     5.0  -999.0     5.0  -999.0    10.0  -999.0  -999.0     7.0     7.0     7.0     7.0  -999.0  -999.0  -999.0     7.0  -999.0     6.0     9.0  -999.0  -999.0  -999.0  -999.0  -999.0     6.0
2019 147  -999.0     5.0  -999.0     4.0  -999.0     7.0  -999.0  -999.0     4.0     6.0     5.0     6.0  -999.0  -999.0  -999.0     5.0  -999.0     4.0     6.0  -999.0  -999.0  -999.0  -999.0  -999.0     5.0
2019 148  -999.0     7.0  -999.0     6.0  -999.0     6.0  -999.0  -999.0     6.0     5.0     5.0     7.0  -999.0  -999.0  -999.0     3.0  -999.0     6.0     7.0  -999.0  -999.0  -999.0  -999.0  -999.0     6.0
2019 149  -999.0     8.0  -999.0     4.0  -999.0     8.0  -999.0  -999.0     6.0     4.0     5.0     6.0  -999.0  -999.0  -999.0     6.0  -999.0     5.0     4.0  -999.0  -999.0  -999.0  -999.0  -999.0     7.0
2019 150  -999.0    12.0  -999.0     5.0  -999.0     8.0  -999.0  -999.0     6.0     6.0     5.0     6.0  -999.0  -999.0  -999.0    10.0  -999.0     7.0     8.0  -999.0  -999.0  -999.0  -999.0  -999.0     8.0
2019 151  -999.0    12.0  -999.0     6.0  -999.0     7.0  -999.0  -999.0     6.0     7.0     6.0     8.0  -999.0  -999.0  -999.0    10.0  -999.0     6.0     8.0  -999.0  -999.0  -999.0  -999.0  -999.0     7.0
2019 152  -999.0    13.0  -999.0    13.0  -999.0     8.0  -999.0  -999.0     9.0    12.0    11.0     9.0  -999.0  -999.0  -999.0    11.0  -999.0     8.0    10.0  -999.0  -999.0  -999.0  -999.0  -999.0     9.0
2019 153  -999.0    13.0  -999.0     9.0  -999.0    13.0  -999.0  -999.0    10.0    12.0    10.0    11.0  -999.0  -999.0  -999.0    11.0  -999.0    12.0    11.0  -999.0  -999.0  -999.0  -999.0  -999.0     9.0
2019 154  -999.0    12.0  -999.0     9.0  -999.0    12.0  -999.0  -999.0    10.0    12.0    11.0    12.0  -999.0  -999.0  -999.0    12.0  -999.0    11.0    11.0  -999.0  -999.0  -999.0  -999.0  -999.0    10.0
2019 155  -999.0    10.0  -999.0     9.0  -999.0    14.0  -999.0  -999.0    10.0    12.0    10.0    10.0  -999.0  -999.0  -999.0     9.0  -999.0     9.0    14.0  -999.0  -999.0  -999.0  -999.0  -999.0     9.0
2019 156  -999.0    14.0  -999.0     9.0  -999.0    17.0  -999.0  -999.0     8.0    11.0    11.0    13.0  -999.0  -999.0  -999.0    11.0  -999.0    13.0    11.0  -999.0  -999.0  -999.0  -999.0  -999.0    10.0
2019 157  -999.0    16.0  -999.0    12.0  -999.0    15.0  -999.0  -999.0    12.0    12.0    14.0    12.0  -999.0  -999.0  -999.0    12.0  -999.0    12.0  -999.0  -999.0  -999.0  -999.0  -999.0  -999.0    11.0
2019 158  -999.0    15.0  -999.0    14.0  -999.0    13.0  -999.0  -999.0    11.0    14.0    17.0    15.0  -999.0  -999.0  -999.0    13.0  -999.0    12.0    14.0  -999.0  -999.0  -999.0  -999.0  -999.0    13.0
2019 159  -999.0    21.0  -999.0    15.0  -999.0    18.0  -999.0  -999.0    15.0    18.0    20.0    18.0  -999.0  -999.0  -999.0    17.0  -999.0    20.0    18.0  -999.0  -999.0  -999.0  -999.0  -999.0    16.0
2019 160  -999.0    19.0  -999.0    18.0  -999.0    23.0  -999.0  -999.0    16.0    20.0    21.0    19.0  -999.0  -999.0  -999.0    15.0  -999.0    18.0    20.0  -999.0  -999.0  -999.0  -999.0  -999.0    19.0
2019 161  -999.0    18.0  -999.0    18.0  -999.0    19.0  -999.0  -999.0    16.0    19.0    22.0    24.0  -999.0  -999.0  -999.0    14.0  -999.0    18.0    20.0  -999.0  -999.0  -999.0  -999.0  -999.0  -999.0
2019 162  -999.0    17.0  -999.0    12.0  -999.0    18.0  -999.0  -999.0    14.0    16.0    15.0    21.0  -999.0  -999.0  -999.0    12.0  -999.0    18.0    16.0  -999.0  -999.0  -999.0  -999.0  -999.0    14.0
2019 163  -999.0    18.0  -999.0    12.0  -999.0    18.0  -999.0  -999.0    15.0    18.0    14.0    21.0  -999.0  -999.0  -999.0    12.0  -999.0    17.0    17.0  -999.0  -999.0  -999.0  -999.0  -999.0    15.0
2019 164  -999.0    16.0  -999.0    12.0  -999.0    21.0  -999.0  -999.0    13.0    14.0    17.0    18.0  -999.0  -999.0  -999.0    13.0  -999.0    13.0    15.0  -999.0  -999.0  -999.0  -999.0  -999.0    12.0
2019 165  -999.0    22.0  -999.0    17.0  -999.0    25.0  -999.0  -999.0    17.0    20.0    25.0    23.0  -999.0  -999.0  -999.0    17.0  -999.0    21.0    22.0  -999.0  -999.0  -999.0  -999.0  -999.0    19.0
2019 166  -999.0    23.0  -999.0    12.0  -999.0    27.0  -999.0  -999.0    17.0    18.0    14.0    21.0  -999.0  -999.0  -999.0    16.0  -999.0    21.0    17.0  -999.0  -999.0  -999.0  -999.0  -999.0    12.0
2019 167  -999.0    16.0  -999.0     9.0  -999.0    19.0  -999.0  -999.0    15.0    13.0    14.0    21.0  -999.0  -999.0  -999.0    14.0  -999.0    14.0    14.0  -999.0  -999.0  -999.0  -999.0  -999.0    12.0
2019 168  -999.0    16.0  -999.0    12.0  -999.0    17.0  -999.0  -999.0    12.0    14.0    13.0  -999.0  -999.0  -999.0  -999.0    11.0  -999.0    13.0    13.0  -999.0  -999.0  -999.0  -999.0  -999.0    11.0
2019 169  -999.0    16.0  -999.0    11.0  -999.0    17.0  -999.0  -999.0    14.0    14.0    14.0    14.0  -999.0  -999.0  -999.0    11.0  -999.0    14.0    13.0  -999.0  -999.0  -999.0  -999.0  -999.0    11.0
2019 170  -999.0    19.0  -999.0    19.0  -999.0    18.0  -999.0  -999.0    15.0    17.0    12.0    16.0  -999.0  -999.0  -999.0    12.0  -999.0    14.0    12.0  -999.0  -999.0  -999.0  -999.0  -999.0    12.0
2019 171  -999.0    15.0  -999.0    17.0  -999.0    18.0  -999.0  -999.0    13.0    14.0    17.0    15.0  -999.0  -999.0  -999.0    11.0  -999.0    11.0    13.0  -999.0  -999.0  -999.0  -999.0  -999.0    15.0
2019 172  -999.0    15.0  -999.0    15.0  -999.0    18.0  -999.0  -999.0    14.0    14.0    15.0    13.0  -999.0  -999.0  -999.0    11.0  -999.0    14.0    14.0  -999.0  -999.0  -999.0  -999.0  -999.0    13.0
2019 173  -999.0    17.0  -999.0    19.0  -999.0    18.0  -999.0  -999.0    15.0    14.0    15.0  -999.0  -999.0  -999.0  -999.0    11.0  -999.0    17.0    15.0  -999.0  -999.0  -999.0  -999.0  -999.0    13.0
2019 174  -999.0    14.0  -999.0    14.0  -999.0    15.0  -999.0  -999.0    12.0    13.0    11.0  -999.0  -999.0  -999.0  -999.0    10.0  -999.0    13.0    12.0  -999.0  -999.0  -999.0  -999.0  -999.0    11.0
2019 175  -999.0    12.0  -999.0    25.0  -999.0    17.0  -999.0  -999.0    11.0    13.0    14.0  -999.0  -999.0  -999.0  -999.0    10.0  -999.0     9.0    11.0  -999.0  -999.0  -999.0  -999.0  -999.0    13.0
2019 176  -999.0    12.0  -999.0  -999.0  -999.0    17.0  -999.0  -999.0    11.0     8.0    11.0     9.0  -999.0  -999.0  -999.0     9.0  -999.0    11.0     9.0  -999.0  -999.0  -999.0  -999.0  -999.0    10.0
2019 177  -999.0    17.0  -999.0    15.0  -999.0    18.0  -999.0  -999.0    14.0    13.0    14.0    14.0  -999.0  -999.0  -999.0    15.0  -999.0    13.0    13.0  -999.0  -999.0  -999.0  -999.0  -999.0    14.0
2019 178  -999.0    14.0  -999.0    19.0  -999.0    17.0  -999.0  -999.0    14.0    14.0    15.0    13.0  -999.0  -999.0  -999.0    13.0  -999.0    13.0    13.0  -999.0  -999.0  -999.0  -999.0  -999.0    14.0
2019 179  -999.0    17.0  -999.0    28.0  -999.0    19.0  -999.0  -999.0    14.0    10.0    10.0    13.0  -999.0  -999.0  -999.0    14.0  -999.0    19.0    14.0  -999.0  -999.0  -999.0  -999.0  -999.0    19.0
2019 180  -999.0    12.0  -999.0    17.0  -999.0    17.0  -999.0  -999.0    11.0  -999.0    14.0    11.0  -999.0  -999.0  -999.0    11.0  -999.0    13.0    12.0  -999.0  -999.0  -999.0  -999.0  -999.0    15.0
2019 181  -999.0     9.0  -999.0    18.0  -999.0    16.0  -999.0  -999.0    11.0    12.0    12.0    11.0  -999.0  -999.0  -999.0    10.0  -999.0     9.0    10.0  -999.0  -999.0  -999.0  -999.0  -999.0    12.0
2019 182  -999.0    13.0  -999.0    18.0  -999.0    17.0  -999.0  -999.0    11.0    11.0    12.0    12.0  -999.0  -999.0  -999.0    12.0  -999.0    11.0    11.0  -999.0  -999.0  -999.0  -999.0  -999.0    15.0
2019 183  -999.0    15.0  -999.0    15.0  -999.0    18.0  -999.0  -999.0    14.0    14.0    13.0    13.0  -999.0  -999.0  -999.0    12.0  -999.0    13.0    12.0  -999.0  -999.0  -999.0  -999.0  -999.0    11.0
2019 184  -999.0    14.0  -999.0    20.0  -999.0    18.0  -999.0  -999.0    15.0    16.0    13.0    14.0  -999.0  -999.0  -999.0    14.0  -999.0    16.0    13.0  -999.0  -999.0  -999.0  -999.0  -999.0    12.0
2019 185  -999.0    17.0  -999.0    14.0  -999.0    16.0  -999.0  -999.0    13.0    12.0    14.0    14.0  -999.0  -999.0  -999.0    13.0  -999.0    16.0    13.0  -999.0  -999.0  -999.0  -999.0  -999.0    13.0
2019 186  -999.0    16.0  -999.0    21.0  -999.0    18.0  -999.0  -999.0    13.0    21.0    16.0    14.0  -999.0  -999.0  -999.0    15.0  -999.0    15.0    14.0  -999.0  -999.0  -999.0  -999.0  -999.0    15.0
2019 187  -999.0    17.0  -999.0    18.0  -999.0    17.0  -999.0  -999.0    14.0    14.0    16.0    14.0  -999.0  -999.0  -999.0    14.0  -999.0    16.0    15.0  -999.0  -999.0  -999.0  -999.0  -999.0    17.0
2019 188  -999.0    13.0  -999.0     0.0  -999.0    16.0  -999.0  -999.0    13.0    16.0    17.0    13.0  -999.0  -999.0  -999.0    15.0  -999.0    17.0    15.0  -999.0  -999.0  -999.0  -999.0  -999.0    11.0
2019 189  -999.0    16.0  -999.0  -999.0  -999.0    18.0  -999.0  -999.0    15.0    38.0    18.0    14.0  -999.0  -999.0  -999.0    13.0  -999.0    20.0    15.0  -999.0  -999.0  -999.0  -999.0  -999.0    15.0
2019 190  -999.0    14.0  -999.0    21.0  -999.0    19.0  -999.0  -999.0    13.0    14.0    15.0    13.0  -999.0  -999.0  -999.0    13.0  -999.0    12.0    15.0  -999.0  -999.0  -999.0  -999.0  -999.0    14.0
2019 191  -999.0    11.0  -999.0    12.0  -999.0    13.0  -999.0  -999.0    10.0    10.0    11.0    12.0  -999.0  -999.0  -999.0    12.0  -999.0    10.0    12.0  -999.0  -999.0  -999.0  -999.0  -999.0    13.0
2019 192  -999.0     9.0  -999.0    10.0  -999.0     9.0  -999.0  -999.0     8.0     7.0     8.0     7.0  -999.0  -999.0  -999.0     9.0  -999.0     9.0     7.0  -999.0  -999.0  -999.0  -999.0  -999.0     8.0
2019 193  -999.0    12.0  -999.0    11.0  -999.0    11.0  -999.0  -999.0     9.0     7.0    10.0    10.0  -999.0  -999.0  -999.0    15.0  -999.0    10.0    10.0  -999.0  -999.0  -999.0  -999.0  -999.0     8.0
2019 194  -999.0    13.0  -999.0    16.0  -999.0    14.0  -999.0  -999.0    10.0     9.0    10.0    10.0  -999.0  -999.0  -999.0    11.0  -999.0    10.0    10.0  -999.0  -999.0  -999.0  -999.0  -999.0    10.0
2019 195  -999.0     7.0  -999.0     6.0  -999.0     9.0  -999.0  -999.0     7.0     8.0     8.0     7.0  -999.0  -999.0  -999.0     5.0  -999.0     3.0     7.0  -999.0  -999.0  -999.0  -999.0  -999.0     7.0
2019 196  -999.0     6.0  -999.0    10.0  -999.0     9.0  -999.0  -999.0     7.0     9.0     9.0     7.0  -999.0  -999.0  -999.0     7.0  -999.0     6.0     8.0  -999.0  -999.0  -999.0  -999.0  -999.0    11.0
2019 197  -999.0     6.0  -999.0     9.0  -999.0    10.0  -999.0  -999.0     9.0     7.0     9.0     8.0  -999.0  -999.0  -999.0     9.0  -999.0     6.0     6.0  -999.0  -999.0  -999.0  -999.0  -999.0     9.0
2019 198  -999.0    11.0  -999.0    13.0  -999.0    13.0  -999.0  -999.0    12.0    12.0    10.0    10.0  -999.0  -999.0  -999.0    12.0  -999.0    11.0    10.0  -999.0  -999.0  -999.0  -999.0  -999.0    11.0
2019 199  -999.0    15.0  -999.0    12.0  -999.0    14.0  -999.0  -999.0    10.0    12.0    10.0  -999.0  -999.0  -999.0  -999.0    14.0  -999.0    13.0    13.0  -999.0  -999.0  -999.0  -999.0  -999.0    13.0
2019 200  -999.0    16.0  -999.0    14.0  -999.0    15.0  -999.0  -999.0    10.0    11.0    11.0  -999.0  -999.0  -999.0  -999.0    13.0  -999.0    11.0    10.0  -999.0  -999.0  -999.0  -999.0  -999.0     9.0
2019 201  -999.0    15.0  -999.0    11.0  -999.0    12.0  -999.0  -999.0    10.0    11.0    10.0     8.0  -999.0  -999.0  -999.0  -999.0  -999.0    11.0     9.0  -999.0  -999.0  -999.0  -999.0  -999.0    10.0
2019 202  -999.0    14.0  -999.0    12.0  -999.0    13.0  -999.0  -999.0    11.0  -999.0    11.0     8.0  -999.0  -999.0  -999.0  -999.0  -999.0     8.0     9.0  -999.0  -999.0  -999.0  -999.0  -999.0    10.0
2019 203  -999.0    14.0  -999.0    13.0  -999.0    14.0  -999.0  -999.0    12.0     8.0    12.0    12.0  -999.0  -999.0  -999.0  -999.0  -999.0    11.0    10.0  -999.0  -999.0  -999.0  -999.0  -999.0    10.0
2019 204  -999.0    17.0  -999.0    15.0  -999.0    16.0  -999.0  -999.0     9.0  -999.0    16.0    13.0  -999.0  -999.0  -999.0    14.0  -999.0    14.0    14.0  -999.0  -999.0  -999.0  -999.0  -999.0    14.0
2019 205  -999.0    15.0  -999.0    16.0  -999.0    16.0  -999.0  -999.0    14.0    17.0    16.0    13.0  -999.0  -999.0  -999.0    13.0  -999.0    15.0    14.0  -999.0  -999.0  -999.0  -999.0  -999.0    14.0
2019 206  -999.0    15.0  -999.0    17.0  -999.0    18.0  -999.0  -999.0    15.0  -999.0    17.0    13.0  -999.0  -999.0  -999.0    13.0  -999.0    14.0    14.0  -999.0  -999.0  -999.0  -999.0  -999.0    16.0
2019 207  -999.0    11.0  -999.0    16.0  -999.0    16.0  -999.0  -999.0    15.0    14.0    17.0    13.0  -999.0  -999.0  -999.0    11.0  -999.0    16.0    14.0  -999.0  -999.0  -999.0  -999.0  -999.0    13.0
2019 208  -999.0    12.0  -999.0    17.0  -999.0    17.0  -999.0  -999.0    15.0    15.0  -999.0    16.0  -999.0  -999.0  -999.0    11.0  -999.0    20.0    14.0  -999.0  -999.0  -999.0  -999.0  -999.0    14.0
2019 209  -999.0     4.0  -999.0    11.0  -999.0     8.0  -999.0  -999.0  -999.0     4.0     0.0     6.0  -999.0  -999.0  -999.0     5.0  -999.0     5.0     6.0  -999.0  -999.0  -999.0  -999.0  -999.0     9.0
2019 210  -999.0     8.0  -999.0     8.0  -999.0    14.0  -999.0  -999.0  -999.0    10.0  -999.0     8.0  -999.0  -999.0  -999.0     8.0  -999.0     7.0     8.0  -999.0  -999.0  -999.0  -999.0  -999.0     9.0
2019 211  -999.0     8.0  -999.0     9.0  -999.0     9.0  -999.0  -999.0     9.0     9.0     7.0     8.0  -999.0  -999.0  -999.0    10.0  -999.0     7.0     8.0  -999.0  -999.0  -999.0  -999.0  -999.0     9.0
2019 212  -999.0    12.0  -999.0    12.0  -999.0    13.0  -999.0  -999.0    12.0     8.0    10.0    11.0  -999.0  -999.0  -999.0    16.0  -999.0    11.0     8.0  -999.0  -999.0  -999.0  -999.0  -999.0     7.0
2019 213  -999.0    11.0  -999.0    12.0  -999.0    13.0  -999.0  -999.0    14.0    12.0    11.0    12.0  -999.0  -999.0  -999.0  -999.0  -999.0    10.0    11.0  -999.0  -999.0  -999.0  -999.0  -999.0    10.0
2019 214  -999.0    10.0  -999.0    12.0  -999.0  -999.0  -999.0  -999.0    11.0    13.0    12.0    14.0  -999.0  -999.0  -999.0  -999.0  -999.0    12.0    13.0  -999.0  -999.0  -999.0  -999.0  -999.0    11.0
2019 215  -999.0     8.0  -999.0    15.0  -999.0    11.0  -999.0  -999.0    10.0     8.0     9.0    10.0  -999.0  -999.0  -999.0    10.0  -999.0     7.0    10.0  -999.0  -999.0  -999.0  -999.0  -999.0     9.0
2019 216  -999.0     9.0  -999.0    17.0  -999.0    11.0  -999.0  -999.0     8.0    10.0    10.0     9.0  -999.0  -999.0  -999.0     9.0  -999.0     8.0    11.0  -999.0  -999.0  -999.0  -999.0  -999.0    10.0
2019 217  -999.0    10.0  -999.0    12.0  -999.0    12.0  -999.0  -999.0    10.0    11.0    10.0    10.0  -999.0  -999.0  -999.0    10.0  -999.0    10.0    11.0  -999.0  -999.0  -999.0  -999.0  -999.0    11.0
2019 218  -999.0    15.0  -999.0    16.0  -999.0    15.0  -999.0  -999.0    12.0    10.0    13.0    12.0  -999.0  -999.0  -999.0    11.0  -999.0     9.0  -999.0  -999.0  -999.0  -999.0  -999.0  -999.0    10.0
2019 219  -999.0    13.0  -999.0    12.0  -999.0    14.0  -999.0  -999.0    10.0    12.0     9.0    12.0  -999.0  -999.0  -999.0    10.0  -999.0     8.0    12.0  -999.0  -999.0  -999.0  -999.0  -999.0    10.0
2019 220  -999.0    15.0  -999.0    14.0  -999.0    15.0  -999.0  -999.0    13.0    14.0    11.0    14.0  -999.0  -999.0  -999.0    14.0  -999.0    13.0    13.0  -999.0  -999.0  -999.0  -999.0  -999.0    10.0
2019 221  -999.0    16.0  -999.0    17.0  -999.0    20.0  -999.0  -999.0    12.0    18.0    13.0    16.0  -999.0  -999.0  -999.0    14.0  -999.0    15.0    15.0  -999.0  -999.0  -999.0  -999.0  -999.0    11.0
2019 222  -999.0    15.0  -999.0    15.0  -999.0    21.0  -999.0  -999.0    14.0    15.0    14.0    15.0  -999.0  -999.0  -999.0    12.0  -999.0    12.0    14.0  -999.0  -999.0  -999.0  -999.0  -999.0    13.0
2019 223  -999.0    12.0  -999.0    13.0  -999.0    16.0  -999.0  -999.0    12.0    13.0    14.0    12.0  -999.0  -999.0  -999.0    12.0  -999.0     9.0    14.0  -999.0  -999.0  -999.0  -999.0  -999.0    12.0
2019 224  -999.0    12.0  -999.0    11.0  -999.0  -999.0  -999.0  -999.0    11.0    12.0    11.0    12.0  -999.0  -999.0  -999.0     9.0  -999.0     8.0    12.0  -999.0  -999.0  -999.0  -999.0  -999.0    14.0
2019 225  -999.0    10.0  -999.0    12.0  -999.0    14.0  -999.0  -999.0    11.0    12.0    13.0    12.0  -999.0  -999.0  -999.0    10.0  -999.0    12.0    12.0  -999.0  -999.0  -999.0  -999.0  -999.0    11.0
2019 226  -999.0     7.0  -999.0    11.0  -999.0    12.0  -999.0  -999.0     8.0     7.0     7.0     8.0  -999.0  -999.0  -999.0     7.0  -999.0     4.0     9.0  -999.0  -999.0  -999.0  -999.0  -999.0     7.0
2019 227  -999.0     6.0  -999.0     8.0  -999.0     9.0  -999.0  -999.0     7.0     4.0     8.0     7.0  -999.0  -999.0  -999.0     6.0  -999.0     4.0     6.0  -999.0  -999.0  -999.0  -999.0  -999.0     6.0
2019 228  -999.0    10.0  -999.0    10.0  -999.0    11.0  -999.0  -999.0     7.0     9.0     9.0     9.0  -999.0  -999.0  -999.0     9.0  -999.0     8.0     9.0  -999.0  -999.0  -999.0  -999.0  -999.0     8.0
2019 229  -999.0    11.0  -999.0     8.0  -999.0    14.0  -999.0  -999.0     8.0     9.0    10.0     9.0  -999.0  -999.0  -999.0    10.0  -999.0     9.0     9.0  -999.0  -999.0  -999.0  -999.0  -999.0     9.0
2019 230  -999.0     9.0  -999.0    10.0  -999.0    11.0  -999.0  -999.0     9.0     7.0    11.0     9.0  -999.0  -999.0  -999.0    10.0  -999.0     5.0    10.0  -999.0  -999.0  -999.0  -999.0  -999.0     9.0
2019 231  -999.0    11.0  -999.0     8.0  -999.0    12.0  -999.0  -999.0    10.0    10.0     8.0    11.0  -999.0  -999.0  -999.0     9.0  -999.0     8.0     8.0  -999.0  -999.0  -999.0  -999.0  -999.0     9.0
2019 232  -999.0    11.0  -999.0    12.0  -999.0    14.0  -999.0  -999.0    11.0     7.0     9.0    14.0  -999.0  -999.0  -999.0    10.0  -999.0     9.0    10.0  -999.0  -999.0  -999.0  -999.0  -999.0     9.0
2019 233  -999.0    11.0  -999.0    14.0  -999.0    17.0  -999.0  -999.0    11.0  -999.0    12.0    12.0  -999.0  -999.0  -999.0    11.0  -999.0    14.0    11.0  -999.0  -999.0  -999.0  -999.0  -999.0    11.0
2019 234  -999.0    15.0  -999.0    18.0  -999.0    18.0  -999.0  -999.0    15.0    15.0    14.0    15.0  -999.0  -999.0  -999.0    12.0  -999.0    16.0    14.0  -999.0  -999.0  -999.0  -999.0  -999.0    11.0
2019 235  -999.0    14.0  -999.0    17.0  -999.0    23.0  -999.0  -999.0    15.0    17.0    16.0    19.0  -999.0  -999.0  -999.0    16.0  -999.0    11.0    16.0  -999.0  -999.0  -999.0  -999.0  -999.0    15.0
2019 236  -999.0    13.0  -999.0  -999.0  -999.0    21.0  -999.0  -999.0    13.0    15.0    14.0    14.0  -999.0  -999.0  -999.0    11.0  -999.0    12.0    14.0  -999.0  -999.0  -999.0  -999.0  -999.0    13.0
2019 237  -999.0    13.0  -999.0     0.0  -999.0    21.0  -999.0  -999.0    12.0    14.0    13.0    14.0  -999.0  -999.0  -999.0    13.0  -999.0    13.0    13.0  -999.0  -999.0  -999.0  -999.0  -999.0    14.0
2019 238  -999.0    14.0  -999.0     0.0  -999.0    19.0  -999.0  -999.0    15.0    14.0    14.0    13.0  -999.0  -999.0  -999.0    12.0  -999.0    13.0    13.0  -999.0  -999.0  -999.0  -999.0  -999.0    13.0
2019 239  -999.0    15.0  -999.0  -999.0  -999.0    21.0  -999.0  -999.0    18.0    16.0    16.0    15.0  -999.0  -999.0  -999.0    13.0  -999.0    15.0    14.0  -999.0  -999.0  -999.0  -999.0  -999.0    14.0
2019 240  -999.0    19.0  -999.0    17.0  -999.0    21.0  -999.0  -999.0    19.0    19.0    21.0  -999.0  -999.0  -999.0  -999.0    20.0  -999.0    16.0    17.0  -999.0  -999.0  -999.0  -999.0  -999.0    18.0
2019 241  -999.0    15.0  -999.0    14.0  -999.0    15.0  -999.0  -999.0    14.0    12.0    16.0  -999.0  -999.0  -999.0  -999.0    12.0  -999.0    11.0    13.0  -999.0  -999.0  -999.0  -999.0  -999.0    13.0
2019 242  -999.0    14.0  -999.0    14.0  -999.0    15.0  -999.0  -999.0    13.0    14.0    14.0    12.0  -999.0  -999.0  -999.0    13.0  -999.0    10.0    13.0  -999.0  -999.0  -999.0  -999.0  -999.0    14.0
2019 243  -999.0    14.0  -999.0    17.0  -999.0    17.0  -999.0  -999.0    15.0    14.0    16.0    14.0  -999.0  -999.0  -999.0    12.0  -999.0    12.0    14.0  -999.0  -999.0  -999.0  -999.0  -999.0    16.0
2019 244  -999.0    15.0  -999.0    21.0  -999.0    20.0  -999.0  -999.0    15.0     9.0    13.0    15.0  -999.0  -999.0  -999.0    12.0  -999.0    14.0    14.0  -999.0  -999.0  -999.0  -999.0  -999.0    15.0
2019 245  -999.0    18.0  -999.0    18.0  -999.0    25.0  -999.0  -999.0    17.0  -999.0    16.0    14.0  -999.0  -999.0  -999.0    18.0  -999.0    17.0    15.0  -999.0  -999.0  -999.0  -999.0  -999.0    14.0
2019 246  -999.0    11.0  -999.0    14.0  -999.0    21.0  -999.0  -999.0     9.0    15.0    12.0    13.0  -999.0  -999.0  -999.0    12.0  -999.0     8.0    12.0  -999.0  -999.0  -999.0  -999.0  -999.0    13.0
2019 247  -999.0     6.0  -999.0    11.0  -999.0    14.0  -999.0  -999.0     8.0     8.0     8.0     9.0  -999.0  -999.0  -999.0     7.0  -999.0     5.0     8.0  -999.0  -999.0  -999.0  -999.0  -999.0     7.0
2019 248  -999.0    10.0  -999.0    14.0  -999.0    14.0  -999.0  -999.0    11.0    10.0    10.0    10.0  -999.0  -999.0  -999.0    10.0  -999.0    10.0    10.0  -999.0  -999.0  -999.0  -999.0  -999.0    10.0
2019 249  -999.0     9.0  -999.0    13.0  -999.0    15.0  -999.0  -999.0     8.0    10.0    10.0    10.0  -999.0  -999.0  -999.0    10.0  -999.0     9.0    11.0  -999.0  -999.0  -999.0  -999.0  -999.0    11.0
2019 250  -999.0     8.0  -999.0     8.0  -999.0     9.0  -999.0  -999.0     8.0     8.0     9.0     8.0  -999.0  -999.0  -999.0     9.0  -999.0     8.0     9.0  -999.0  -999.0  -999.0  -999.0  -999.0    13.0
2019 251  -999.0     7.0  -999.0    12.0  -999.0    10.0  -999.0  -999.0     7.0     8.0     8.0     7.0  -999.0  -999.0  -999.0     8.0  -999.0     6.0     8.0  -999.0  -999.0  -999.0  -999.0  -999.0     9.0
2019 252  -999.0     7.0  -999.0     7.0  -999.0     9.0  -999.0  -999.0     7.0     7.0     6.0     8.0  -999.0  -999.0  -999.0     6.0  -999.0     6.0     5.0  -999.0  -999.0  -999.0  -999.0  -999.0     6.0
2019 253  -999.0     9.0  -999.0     9.0  -999.0    16.0  -999.0  -999.0     8.0     8.0     6.0    10.0  -999.0  -999.0  -999.0     8.0  -999.0     8.0     7.0  -999.0  -999.0  -999.0  -999.0  -999.0     6.0
2019 254  -999.0    12.0  -999.0    10.0  -999.0    24.0  -999.0  -999.0     9.0     9.0     8.0     9.0  -999.0  -999.0  -999.0    11.0  -999.0     9.0     8.0  -999.0  -999.0  -999.0  -999.0  -999.0    10.0
2019 255  -999.0    15.0  -999.0    10.0  -999.0    16.0  -999.0  -999.0    12.0    11.0    12.0    12.0  -999.0  -999.0  -999.0    13.0  -999.0    10.0    10.0  -999.0  -999.0  -999.0  -999.0  -999.0    11.0
2019 256  -999.0    18.0  -999.0    16.0  -999.0    23.0  -999.0  -999.0    14.0    14.0    15.0    16.0  -999.0  -999.0  -999.0    17.0  -999.0    15.0    14.0  -999.0  -999.0  -999.0  -999.0  -999.0    15.0
2019 257  -999.0    20.0  -999.0    17.0  -999.0    22.0  -999.0  -999.0    18.0    17.0    14.0    17.0  -999.0  -999.0  -999.0    21.0  -999.0    17.0    15.0  -999.0  -999.0  -999.0  -999.0  -999.0    16.0
2019 258  -999.0    13.0  -999.0    15.0  -999.0    18.0  -999.0  -999.0    14.0     9.0    12.0    14.0  -999.0  -999.0  -999.0    12.0  -999.0    10.0    13.0  -999.0  -999.0  -999.0  -999.0  -999.0    13.0
2019 259  -999.0    12.0  -999.0    14.0  -999.0    17.0  -999.0  -999.0    15.0    13.0    13.0    15.0  -999.0  -999.0  -999.0    12.0  -999.0  -999.0    15.0  -999.0  -999.0  -999.0  -999.0  -999.0    15.0
2019 260  -999.0    14.0  -999.0    20.0  -999.0    19.0  -999.0  -999.0    16.0    16.0    17.0    14.0  -999.0  -999.0  -999.0    14.0  -999.0    19.0    16.0  -999.0  -999.0  -999.0  -999.0  -999.0    15.0
2019 261  -999.0    16.0  -999.0    20.0  -999.0    21.0  -999.0  -999.0    16.0    14.0    19.0    13.0  -999.0  -999.0  -999.0    13.0  -999.0    23.0    15.0  -999.0  -999.0  -999.0  -999.0  -999.0    13.0
2019 262  -999.0    13.0  -999.0    15.0  -999.0    14.0  -999.0  -999.0    12.0    13.0    14.0    14.0  -999.0  -999.0  -999.0    14.0  -999.0    16.0    14.0  -999.0  -999.0  -999.0  -999.0  -999.0    14.0
2019 263  -999.0    10.0  -999.0    12.0  -999.0    12.0  -999.0  -999.0    11.0     9.0    11.0     9.0  -999.0  -999.0  -999.0    10.0  -999.0    11.0     9.0  -999.0  -999.0  -999.0  -999.0  -999.0    10.0
2019 264  -999.0    11.0  -999.0    12.0  -999.0    13.0  -999.0  -999.0    13.0     8.0     9.0     9.0  -999.0  -999.0  -999.0    10.0  -999.0    14.0     9.0  -999.0  -999.0  -999.0  -999.0  -999.0     9.0
2019 265  -999.0    10.0  -999.0    12.0  -999.0    12.0  -999.0  -999.0     6.0     8.0     0.0     8.0  -999.0  -999.0  -999.0    10.0  -999.0    11.0     8.0  -999.0  -999.0  -999.0  -999.0  -999.0     7.0
2019 266  -999.0     9.0  -999.0    11.0  -999.0    10.0  -999.0  -999.0     8.0    10.0  -999.0     8.0  -999.0  -999.0  -999.0     8.0  -999.0    10.0     8.0  -999.0  -999.0  -999.0  -999.0  -999.0     7.0
2019 267  -999.0     6.0  -999.0     8.0  -999.0  -999.0  -999.0  -999.0     5.0     6.0  -999.0     6.0  -999.0  -999.0  -999.0     7.0  -999.0     5.0     6.0  -999.0  -999.0  -999.0  -999.0  -999.0     6.0
2019 268  -999.0     9.0  -999.0    11.0  -999.0    15.0  -999.0  -999.0     8.0     7.0  -999.0     6.0  -999.0  -999.0  -999.0     6.0  -999.0     8.0     7.0  -999.0  -999.0  -999.0  -999.0  -999.0     7.0
2019 269  -999.0     9.0  -999.0     8.0  -999.0     7.0  -999.0  -999.0     7.0     6.0     6.0     7.0  -999.0  -999.0  -999.0     8.0  -999.0     7.0     7.0  -999.0  -999.0  -999.0  -999.0  -999.0     7.0
2019 270  -999.0    15.0  -999.0    11.0  -999.0    10.0  -999.0  -999.0    10.0     7.0  -999.0     9.0  -999.0  -999.0  -999.0    13.0  -999.0    10.0     9.0  -999.0  -999.0  -999.0  -999.0  -999.0    10.0
2019 271  -999.0    16.0  -999.0    13.0  -999.0    13.0  -999.0  -999.0     8.0    10.0    10.0     9.0  -999.0  -999.0  -999.0    15.0  -999.0    12.0    11.0  -999.0  -999.0  -999.0  -999.0  -999.0    11.0
2019 272  -999.0     9.0  -999.0    10.0  -999.0    12.0  -999.0  -999.0     8.0     9.0     9.0     8.0  -999.0  -999.0  -999.0    14.0  -999.0     8.0    10.0  -999.0  -999.0  -999.0  -999.0  -999.0     8.0
2019 273  -999.0    13.0  -999.0    11.0  -999.0    11.0  -999.0  -999.0     8.0     8.0     9.0     9.0  -999.0  -999.0  -999.0    10.0  -999.0     9.0    10.0  -999.0  -999.0  -999.0  -999.0  -999.0     9.0
2019 274  -999.0    10.0  -999.0    14.0  -999.0    15.0  -999.0  -999.0     9.0     9.0     7.0     9.0  -999.0  -999.0  -999.0    10.0  -999.0    10.0     8.0  -999.0  -999.0  -999.0  -999.0  -999.0     8.0
2019 275  -999.0     8.0  -999.0    10.0  -999.0    11.0  -999.0  -999.0     8.0     9.0     9.0     7.0  -999.0  -999.0  -999.0     8.0  -999.0     9.0     9.0  -999.0  -999.0  -999.0  -999.0  -999.0     7.0
2019 276  -999.0     3.0  -999.0     6.0  -999.0     8.0  -999.0  -999.0     6.0    10.0     7.0     5.0  -999.0  -999.0  -999.0     3.0  -999.0     5.0     5.0  -999.0  -999.0  -999.0  -999.0  -999.0     6.0
2019 277  -999.0     5.0  -999.0     7.0  -999.0     9.0  -999.0  -999.0     8.0     5.0     5.0     6.0  -999.0  -999.0  -999.0     4.0  -999.0     7.0     5.0  -999.0  -999.0  -999.0  -999.0  -999.0     4.0
2019 278  -999.0    11.0  -999.0     9.0  -999.0    12.0  -999.0  -999.0     9.0     7.0     8.0     7.0  -999.0  -999.0  -999.0     9.0  -999.0    10.0     8.0  -999.0  -999.0  -999.0  -999.0  -999.0     6.0
2019 279  -999.0    12.0  -999.0    11.0  -999.0    11.0  -999.0  -999.0    10.0     5.0     9.0     9.0  -999.0  -999.0  -999.0     9.0  -999.0    11.0     9.0  -999.0  -999.0  -999.0  -999.0  -999.0     7.0
2019 280  -999.0    10.0  -999.0     8.0  -999.0    10.0  -999.0  -999.0     6.0     7.0     7.0     8.0  -999.0  -999.0  -999.0     9.0  -999.0     8.0     8.0  -999.0  -999.0  -999.0  -999.0  -999.0     5.0
2019 281  -999.0    12.0  -999.0    10.0  -999.0     9.0  -999.0  -999.0     9.0     8.0     6.0     8.0  -999.0  -999.0  -999.0    11.0  -999.0     9.0     7.0  -999.0  -999.0  -999.0  -999.0  -999.0     7.0
2019 282  -999.0    13.0  -999.0  -999.0  -999.0    14.0  -999.0  -999.0    10.0    13.0     9.0    10.0  -999.0  -999.0  -999.0    14.0  -999.0    11.0    11.0  -999.0  -999.0  -999.0  -999.0  -999.0    10.0
2019 283  -999.0    16.0  -999.0  -999.0  -999.0    14.0  -999.0  -999.0    10.0    11.0     8.0     9.0  -999.0  -999.0  -999.0    14.0  -999.0    12.0    10.0  -999.0  -999.0  -999.0  -999.0  -999.0     9.0
2019 284  -999.0    15.0  -999.0  -999.0  -999.0    17.0  -999.0  -999.0    11.0     9.0    10.0    11.0  -999.0  -999.0  -999.0    14.0  -999.0    12.0    10.0  -999.0  -999.0  -999.0  -999.0  -999.0     8.0
2019 285  -999.0    15.0  -999.0    16.0  -999.0    16.0  -999.0  -999.0    10.0     9.0    11.0    11.0  -999.0  -999.0  -999.0    14.0  -999.0    13.0    14.0  -999.0  -999.0  -999.0  -999.0  -999.0    10.0
2019 286  -999.0    15.0  -999.0    15.0  -999.0    15.0  -999.0  -999.0    11.0    12.0    10.0    10.0  -999.0  -999.0  -999.0    16.0  -999.0    14.0    12.0  -999.0  -999.0  -999.0  -999.0  -999.0    12.0
2019 287  -999.0    17.0  -999.0    17.0  -999.0    20.0  -999.0  -999.0    13.0    14.0    14.0    13.0  -999.0  -999.0  -999.0    19.0  -999.0    16.0    14.0  -999.0  -999.0  -999.0  -999.0  -999.0    13.0
2019 288  -999.0    17.0  -999.0    16.0  -999.0    19.0  -999.0  -999.0    14.0    12.0    10.0    13.0  -999.0  -999.0  -999.0    14.0  -999.0    16.0  -999.0  -999.0  -999.0  -999.0  -999.0  -999.0    12.0
2019 289  -999.0     9.0  -999.0    10.0  -999.0     9.0  -999.0  -999.0     7.0     4.0     5.0     7.0  -999.0  -999.0  -999.0     8.0  -999.0     9.0  -999.0  -999.0  -999.0  -999.0  -999.0  -999.0     7.0
2019 290  -999.0     9.0  -999.0    13.0  -999.0    13.0  -999.0  -999.0     9.0     8.0     7.0     8.0  -999.0  -999.0  -999.0    10.0  -999.0     9.0  -999.0  -999.0  -999.0  -999.0  -999.0  -999.0     8.0
2019 291  -999.0    12.0  -999.0    13.0  -999.0    13.0  -999.0  -999.0    11.0    11.0     9.0     9.0  -999.0  -999.0  -999.0    10.0  -999.0    11.0  -999.0  -999.0  -999.0  -999.0  -999.0  -999.0     9.0
2019 292  -999.0    12.0  -999.0    12.0  -999.0    18.0  -999.0  -999.0    10.0    10.0     9.0    11.0  -999.0  -999.0  -999.0    12.0  -999.0    12.0  -999.0  -999.0  -999.0  -999.0  -999.0  -999.0     9.0
2019 293  -999.0    16.0  -999.0    14.0  -999.0    18.0  -999.0  -999.0    11.0    12.0    11.0    11.0  -999.0  -999.0  -999.0    14.0  -999.0    16.0    12.0  -999.0  -999.0  -999.0  -999.0  -999.0    11.0
2019 294  -999.0    18.0  -999.0    21.0  -999.0    20.0  -999.0  -999.0    15.0    13.0    15.0    14.0  -999.0  -999.0  -999.0    22.0  -999.0    18.0    18.0  -999.0  -999.0  -999.0  -999.0  -999.0    13.0
2019 295  -999.0    21.0  -999.0    25.0  -999.0    22.0  -999.0  -999.0    16.0    18.0    15.0    16.0  -999.0  -999.0  -999.0    19.0  -999.0    20.0  -999.0  -999.0  -999.0  -999.0  -999.0  -999.0    16.0
2019 296  -999.0    19.0  -999.0    21.0  -999.0    22.0  -999.0  -999.0    16.0  -999.0    17.0  -999.0  -999.0  -999.0  -999.0    18.0  -999.0    19.0  -999.0  -999.0  -999.0  -999.0  -999.0  -999.0    16.0
2019 297  -999.0    16.0  -999.0    16.0  -999.0    18.0  -999.0  -999.0    14.0    14.0    13.0  -999.0  -999.0  -999.0  -999.0    16.0  -999.0    19.0  -999.0  -999.0  -999.0  -999.0  -999.0  -999.0    14.0
2019 298  -999.0    11.0  -999.0    10.0  -999.0    13.0  -999.0  -999.0     7.0     8.0     7.0  -999.0  -999.0  -999.0  -999.0    10.0  -999.0    12.0     9.0  -999.0  -999.0  -999.0  -999.0  -999.0     9.0
2019 299  -999.0    18.0  -999.0    23.0  -999.0    19.0  -999.0  -999.0    14.0    14.0    15.0  -999.0  -999.0  -999.0  -999.0    17.0  -999.0    20.0    17.0  -999.0  -999.0  -999.0  -999.0  -999.0    16.0
2019 300  -999.0    18.0  -999.0    18.0  -999.0    19.0  -999.0  -999.0    14.0    14.0    15.0  -999.0  -999.0  -999.0  -999.0    18.0  -999.0    18.0    16.0  -999.0  -999.0  -999.0  -999.0  -999.0    15.0
2019 301  -999.0    18.0  -999.0    19.0  -999.0    21.0  -999.0  -999.0    15.0    14.0    15.0  -999.0  -999.0  -999.0  -999.0    18.0  -999.0    18.0    15.0  -999.0  -999.0  -999.0  -999.0  -999.0    16.0
2019 302  -999.0    18.0  -999.0    21.0  -999.0    24.0  -999.0  -999.0    17.0    15.0    16.0  -999.0  -999.0  -999.0  -999.0    19.0  -999.0    20.0    19.0  -999.0  -999.0  -999.0  -999.0  -999.0    18.0
2019 303  -999.0    19.0  -999.0    20.0  -999.0    21.0  -999.0  -999.0    15.0    12.0    14.0  -999.0  -999.0  -999.0  -999.0    21.0  -999.0    19.0    16.0  -999.0  -999.0  -999.0  -999.0  -999.0    13.0
2019 304  -999.0    19.0  -999.0    16.0  -999.0    22.0  -999.0  -999.0    13.0    14.0    13.0  -999.0  -999.0  -999.0  -999.0    19.0  -999.0    18.0    15.0  -999.0  -999.0  -999.0  -999.0  -999.0    15.0
2019 305  -999.0    12.0  -999.0    14.0  -999.0    13.0  -999.0  -999.0    11.0    10.0     9.0    10.0  -999.0  -999.0  -999.0    12.0  -999.0    13.0    10.0  -999.0  -999.0  -999.0  -999.0  -999.0     8.0
2019 306  -999.0     6.0  -999.0  -999.0  -999.0    12.0  -999.0  -999.0     7.0     4.0     5.0     6.0  -999.0  -999.0  -999.0     4.0  -999.0     6.0     7.0  -999.0  -999.0  -999.0  -999.0  -999.0     5.0
2019 307  -999.0     2.0  -999.0  -999.0  -999.0     5.0  -999.0  -999.0     4.0     4.0     5.0     5.0  -999.0  -999.0  -999.0     1.0  -999.0     4.0     7.0  -999.0  -999.0  -999.0  -999.0  -999.0     5.0
2019 308  -999.0     8.0  -999.0  -999.0  -999.0     9.0  -999.0  -999.0     6.0     5.0     4.0     4.0  -999.0  -999.0  -999.0     4.0  -999.0     6.0     5.0  -999.0  -999.0  -999.0  -999.0  -999.0     5.0
2019 309  -999.0     5.0  -999.0     5.0  -999.0  -999.0  -999.0  -999.0     4.0     4.0     4.0     6.0  -999.0  -999.0  -999.0     4.0  -999.0     4.0     6.0  -999.0  -999.0  -999.0  -999.0  -999.0     6.0
2019 310  -999.0    10.0  -999.0    11.0  -999.0    10.0  -999.0  -999.0     5.0     7.0     2.0     6.0  -999.0  -999.0  -999.0     8.0  -999.0     7.0     6.0  -999.0  -999.0  -999.0  -999.0  -999.0     4.0
2019 311  -999.0    13.0  -999.0    14.0  -999.0    18.0  -999.0  -999.0     8.0     9.0     7.0     8.0  -999.0  -999.0  -999.0    11.0  -999.0    10.0    11.0  -999.0  -999.0  -999.0  -999.0  -999.0     6.0
2019 312  -999.0     9.0  -999.0     0.0  -999.0    11.0  -999.0  -999.0     6.0     7.0     4.0     8.0  -999.0  -999.0  -999.0    10.0  -999.0     7.0     6.0  -999.0  -999.0  -999.0  -999.0  -999.0     3.0
2019 313  -999.0     9.0  -999.0  -999.0  -999.0    14.0  -999.0  -999.0     6.0     7.0     4.0     8.0  -999.0  -999.0  -999.0     8.0  -999.0     7.0     7.0  -999.0  -999.0  -999.0  -999.0  -999.0     4.0
2019 314  -999.0    11.0  -999.0     8.0  -999.0    12.0  -999.0  -999.0     7.0     8.0     6.0     8.0  -999.0  -999.0  -999.0     9.0  -999.0     8.0     7.0  -999.0  -999.0  -999.0  -999.0  -999.0     5.0
2019 315  -999.0     6.0  -999.0     8.0  -999.0    15.0  -999.0  -999.0    10.0     6.0  -999.0     7.0  -999.0  -999.0  -999.0     8.0  -999.0     6.0     6.0  -999.0  -999.0  -999.0  -999.0  -999.0     4.0
2019 316  -999.0     5.0  -999.0    10.0  -999.0    14.0  -999.0  -999.0     9.0     8.0  -999.0     9.0  -999.0  -999.0  -999.0     5.0  -999.0     6.0     8.0  -999.0  -999.0  -999.0  -999.0  -999.0     6.0
2019 317  -999.0    11.0  -999.0     9.0  -999.0    14.0  -999.0  -999.0     6.0    10.0     5.0    10.0  -999.0  -999.0  -999.0     8.0  -999.0     9.0     9.0  -999.0  -999.0  -999.0  -999.0  -999.0     5.0
2019 318  -999.0     9.0  -999.0     9.0  -999.0    16.0  -999.0  -999.0     8.0     7.0     4.0     7.0  -999.0  -999.0  -999.0     7.0  -999.0     9.0     7.0  -999.0  -999.0  -999.0  -999.0  -999.0     5.0
2019 319  -999.0    10.0  -999.0     5.0  -999.0     8.0  -999.0  -999.0  -999.0     5.0  -999.0     6.0  -999.0  -999.0  -999.0     9.0  -999.0     8.0     7.0  -999.0  -999.0  -999.0  -999.0  -999.0     6.0
2019 320  -999.0    13.0  -999.0    12.0  -999.0    11.0  -999.0  -999.0    10.0  -999.0  -999.0     9.0  -999.0  -999.0  -999.0    10.0  -999.0     7.0    10.0  -999.0  -999.0  -999.0  -999.0  -999.0     7.0
2019 321  -999.0     8.0  -999.0    12.0  -999.0    13.0  -999.0  -999.0    11.0     9.0     8.0    11.0  -999.0  -999.0  -999.0    11.0  -999.0    10.0    14.0  -999.0  -999.0  -999.0  -999.0  -999.0     8.0
2019 322  -999.0    13.0  -999.0    12.0  -999.0    15.0  -999.0  -999.0    13.0     9.0     5.0     7.0  -999.0  -999.0  -999.0    11.0  -999.0     9.0     7.0  -999.0  -999.0  -999.0  -999.0  -999.0     4.0
2019 323  -999.0     8.0  -999.0     5.0  -999.0    12.0  -999.0  -999.0     8.0     7.0     4.0     6.0  -999.0  -999.0  -999.0     7.0  -999.0     7.0     7.0  -999.0  -999.0  -999.0  -999.0  -999.0     7.0
2019 324  -999.0    18.0  -999.0    14.0  -999.0    20.0  -999.0  -999.0    16.0    14.0     8.0    17.0  -999.0  -999.0  -999.0    15.0  -999.0    12.0    16.0  -999.0  -999.0  -999.0  -999.0  -999.0     8.0
2019 325  -999.0    11.0  -999.0    10.0  -999.0    21.0  -999.0  -999.0    10.0    10.0     6.0    11.0  -999.0  -999.0  -999.0     9.0  -999.0    11.0    11.0  -999.0  -999.0  -999.0  -999.0  -999.0     7.0
2019 326  -999.0    12.0  -999.0    11.0  -999.0    22.0  -999.0  -999.0    14.0    12.0     6.0     9.0  -999.0  -999.0  -999.0    12.0  -999.0    11.0     9.0  -999.0  -999.0  -999.0  -999.0  -999.0     6.0
2019 327  -999.0     5.0  -999.0     7.0  -999.0    10.0  -999.0  -999.0     5.0     7.0     5.0     9.0  -999.0  -999.0  -999.0     7.0  -999.0     7.0     7.0  -999.0  -999.0  -999.0  -999.0  -999.0     6.0
2019 328  -999.0     4.0  -999.0    10.0  -999.0    16.0  -999.0  -999.0     8.0     7.0     6.0    10.0  -999.0  -999.0  -999.0     4.0  -999.0     6.0    12.0  -999.0  -999.0  -999.0  -999.0  -999.0     7.0
2019 329  -999.0    14.0  -999.0    15.0  -999.0    19.0  -999.0  -999.0    19.0    13.0     8.0    17.0  -999.0  -999.0  -999.0    13.0  -999.0    14.0    13.0  -999.0  -999.0  -999.0  -999.0  -999.0    10.0
2019 330  -999.0    19.0  -999.0    27.0  -999.0    31.0  -999.0  -999.0    20.0    19.0    13.0    21.0  -999.0  -999.0  -999.0    20.0  -999.0    22.0    21.0  -999.0  -999.0  -999.0  -999.0  -999.0    18.0
2019 331  -999.0    17.0  -999.0    15.0  -999.0    28.0  -999.0  -999.0    11.0    13.0     8.0    14.0  -999.0  -999.0  -999.0    14.0  -999.0    13.0    13.0  -999.0  -999.0  -999.0  -999.0  -999.0    12.0
2019 332  -999.0    13.0  -999.0     7.0  -999.0  -999.0  -999.0  -999.0    10.0     7.0     4.0    10.0  -999.0  -999.0  -999.0    10.0  -999.0     7.0     8.0  -999.0  -999.0  -999.0  -999.0  -999.0     5.0
2019 333  -999.0    17.0  -999.0     7.0  -999.0  -999.0  -999.0  -999.0     9.0    13.0     7.0    11.0  -999.0  -999.0  -999.0    16.0  -999.0    15.0    11.0  -999.0  -999.0  -999.0  -999.0  -999.0     7.0
2019 334  -999.0    16.0  -999.0    27.0  -999.0  -999.0  -999.0  -999.0    20.0    11.0    10.0    16.0  -999.0  -999.0  -999.0    16.0  -999.0    19.0    22.0  -999.0  -999.0  -999.0  -999.0  -999.0    15.0
2019 335  -999.0    22.0  -999.0    16.0  -999.0  -999.0  -999.0  -999.0    14.0    17.0    11.0    15.0  -999.0  -999.0  -999.0    15.0  -999.0    16.0    15.0  -999.0  -999.0  -999.0  -999.0  -999.0    13.0
2019 336  -999.0    11.0  -999.0     9.0  -999.0  -999.0  -999.0  -999.0     6.0     8.0     4.0    12.0  -999.0  -999.0  -999.0     7.0  -999.0     7.0     8.0  -999.0  -999.0  -999.0  -999.0  -999.0     5.0
2019 337  -999.0     9.0  -999.0    13.0  -999.0  -999.0  -999.0  -999.0    10.0     8.0     4.0     8.0  -999.0  -999.0  -999.0     8.0  -999.0     7.0     9.0  -999.0  -999.0  -999.0  -999.0  -999.0     7.0
2019 338  -999.0    12.0  -999.0    11.0  -999.0    20.0  -999.0  -999.0    17.0     9.0     7.0    11.0  -999.0  -999.0  -999.0     9.0  -999.0    13.0    12.0  -999.0  -999.0  -999.0  -999.0  -999.0     7.0
2019 339  -999.0    19.0  -999.0    18.0  -999.0    32.0  -999.0  -999.0    27.0    16.0    12.0    18.0  -999.0  -999.0  -999.0    16.0  -999.0    20.0    18.0  -999.0  -999.0  -999.0  -999.0  -999.0    13.0
2019 340  -999.0    32.0  -999.0    42.0  -999.0    49.0  -999.0  -999.0    33.0    31.0  -999.0    31.0  -999.0  -999.0  -999.0    34.0  -999.0    33.0    36.0  -999.0  -999.0  -999.0  -999.0  -999.0    26.0
2019 341  -999.0    28.0  -999.0    36.0  -999.0    49.0  -999.0  -999.0    18.0    28.0    19.0    23.0  -999.0  -999.0  -999.0    36.0  -999.0    34.0    30.0  -999.0  -999.0  -999.0  -999.0  -999.0    20.0
2019 342  -999.0    19.0  -999.0    21.0  -999.0    39.0  -999.0  -999.0    13.0    20.0     7.0    17.0  -999.0  -999.0  -999.0    19.0  -999.0    21.0    24.0  -999.0  -999.0  -999.0  -999.0  -999.0    18.0
2019 343  -999.0    14.0  -999.0    11.0  -999.0    29.0  -999.0  -999.0    15.0    16.0     8.0    21.0  -999.0  -999.0  -999.0     7.0  -999.0     9.0    14.0  -999.0  -999.0  -999.0  -999.0  -999.0     7.0
2019 344  -999.0     9.0  -999.0    14.0  -999.0    12.0  -999.0  -999.0     8.0     8.0     7.0    10.0  -999.0  -999.0  -999.0     6.0  -999.0    11.0     9.0  -999.0  -999.0  -999.0  -999.0  -999.0     9.0
2019 345  -999.0     8.0  -999.0    12.0  -999.0    31.0  -999.0  -999.0    15.0     8.0    12.0    18.0  -999.0  -999.0  -999.0     5.0  -999.0     8.0    15.0  -999.0  -999.0  -999.0  -999.0  -999.0     9.0
2019 346  -999.0    20.0  -999.0    29.0  -999.0    45.0  -999.0  -999.0    22.0    22.0    16.0    29.0  -999.0  -999.0  -999.0    18.0  -999.0    23.0    27.0  -999.0  -999.0  -999.0  -999.0  -999.0    20.0
2019 347  -999.0    14.0  -999.0    17.0  -999.0    20.0  -999.0  -999.0     6.0    13.0    11.0    10.0  -999.0  -999.0  -999.0    12.0  -999.0    13.0    12.0  -999.0  -999.0  -999.0  -999.0  -999.0    10.0
2019 348  -999.0    15.0  -999.0    21.0  -999.0    18.0  -999.0  -999.0    21.0    12.0     9.0    20.0  -999.0  -999.0  -999.0    15.0  -999.0    22.0  -999.0  -999.0  -999.0  -999.0  -999.0  -999.0    14.0
2019 349  -999.0    29.0  -999.0    40.0  -999.0    55.0  -999.0  -999.0    26.0    26.0    15.0    24.0  -999.0  -999.0  -999.0    31.0  -999.0    31.0    22.0  -999.0  -999.0  -999.0  -999.0  -999.0    21.0
2019 350  -999.0    23.0  -999.0    12.0  -999.0    35.0  -999.0  -999.0    19.0    17.0     9.0    16.0  -999.0  -999.0  -999.0    22.0  -999.0    20.0    13.0  -999.0  -999.0  -999.0  -999.0  -999.0     8.0
2019 351  -999.0    23.0  -999.0    18.0  -999.0    36.0  -999.0  -999.0    18.0    14.0     8.0    14.0  -999.0  -999.0  -999.0    25.0  -999.0    21.0    11.0  -999.0  -999.0  -999.0  -999.0  -999.0     8.0
2019 352  -999.0    27.0  -999.0    20.0  -999.0    30.0  -999.0  -999.0    29.0    27.0    18.0    19.0  -999.0  -999.0  -999.0    25.0  -999.0    30.0    23.0  -999.0  -999.0  -999.0  -999.0  -999.0    18.0
2019 353  -999.0    18.0  -999.0    17.0  -999.0    23.0  -999.0  -999.0    20.0    17.0    13.0    16.0  -999.0  -999.0  -999.0    17.0  -999.0    20.0    18.0  -999.0  -999.0  -999.0  -999.0  -999.0    12.0
2019 354  -999.0    15.0  -999.0    18.0  -999.0    25.0  -999.0  -999.0    14.0    13.0     8.0    19.0  -999.0  -999.0  -999.0    13.0  -999.0    17.0    15.0  -999.0  -999.0  -999.0  -999.0  -999.0    13.0
2019 355  -999.0     3.0  -999.0     5.0  -999.0    10.0  -999.0  -999.0     5.0     6.0     6.0     7.0  -999.0  -999.0  -999.0  -999.0  -999.0     6.0     6.0  -999.0  -999.0  -999.0  -999.0  -999.0     6.0
2019 356  -999.0     3.0  -999.0     9.0  -999.0    12.0  -999.0  -999.0    12.0     6.0     4.0  -999.0  -999.0  -999.0  -999.0     1.0  -999.0     8.0     7.0  -999.0  -999.0  -999.0  -999.0  -999.0     8.0
2019 357  -999.0    10.0  -999.0     8.0  -999.0     9.0  -999.0  -999.0    16.0     6.0    15.0  -999.0  -999.0  -999.0  -999.0     7.0  -999.0    11.0     7.0  -999.0  -999.0  -999.0  -999.0  -999.0     8.0
2019 358  -999.0    21.0  -999.0    29.0  -999.0    16.0  -999.0  -999.0    26.0    18.0    14.0    24.0  -999.0  -999.0  -999.0    21.0  -999.0    21.0    34.0  -999.0  -999.0  -999.0  -999.0  -999.0    20.0
2019 359  -999.0    29.0  -999.0    33.0  -999.0    37.0  -999.0  -999.0    29.0    24.0    13.0    30.0  -999.0  -999.0  -999.0    31.0  -999.0    26.0    27.0  -999.0  -999.0  -999.0  -999.0  -999.0    24.0
2019 360  -999.0    28.0  -999.0    38.0  -999.0    55.0  -999.0  -999.0    26.0    21.0    19.0    29.0  -999.0  -999.0  -999.0    29.0  -999.0    27.0    34.0  -999.0  -999.0  -999.0  -999.0  -999.0    29.0
2019 361  -999.0    28.0  -999.0     0.0  -999.0    68.0  -999.0  -999.0    28.0    27.0    23.0    25.0  -999.0  -999.0  -999.0    33.0  -999.0    32.0    43.0  -999.0  -999.0  -999.0  -999.0  -999.0    34.0
2019 362  -999.0    18.0  -999.0  -999.0  -999.0    39.0  -999.0  -999.0    13.0    13.0     7.0    14.0  -999.0  -999.0  -999.0    17.0  -999.0    16.0    11.0  -999.0  -999.0  -999.0  -999.0  -999.0    13.0
2019 363  -999.0    11.0  -999.0     9.0  -999.0    28.0  -999.0  -999.0     9.0     5.0     4.0    11.0  -999.0  -999.0  -999.0     8.0  -999.0     7.0     7.0  -999.0  -999.0  -999.0  -999.0  -999.0     5.0
2019 364  -999.0    15.0  -999.0  -999.0  -999.0    23.0  -999.0  -999.0    11.0     9.0     7.0    11.0  -999.0  -999.0  -999.0    11.0  -999.0    12.0    10.0  -999.0  -999.0  -999.0  -999.0  -999.0     8.0
2019 365  -999.0    24.0  -999.0  -999.0  -999.0    45.0  -999.0  -999.0    26.0    22.0    16.0    38.0  -999.0  -999.0  -999.0    23.0  -999.0    24.0    42.0  -999.0  -999.0  -999.0  -999.0  -999.0    16.0
