anno  jd       2       3       5       8      10      11      14      15      16      39      40      41      45      47      48      49      55      56      57      60      83      84      85      86      87
2021   1  -999.0    22.0  -999.0    63.0  -999.0    38.0  -999.0  -999.0    16.0  -999.0    26.0    19.0  -999.0  -999.0  -999.0    27.0  -999.0    30.0    40.0  -999.0  -999.0  -999.0  -999.0  -999.0  -999.0
2021   2  -999.0     6.0  -999.0     5.0  -999.0     9.0  -999.0  -999.0     4.0     4.0     3.0     7.0  -999.0  -999.0  -999.0     7.0  -999.0     5.0    12.0  -999.0  -999.0  -999.0  -999.0  -999.0  -999.0
2021   3  -999.0     5.0  -999.0     7.0  -999.0     8.0  -999.0  -999.0     3.0     6.0     4.0     7.0  -999.0  -999.0  -999.0  -999.0  -999.0     5.0    10.0  -999.0  -999.0  -999.0  -999.0  -999.0  -999.0
2021   4  -999.0     5.0  -999.0     6.0  -999.0    20.0  -999.0  -999.0     7.0     6.0     4.0     8.0  -999.0  -999.0  -999.0     6.0  -999.0     6.0    10.0  -999.0  -999.0  -999.0  -999.0  -999.0  -999.0
2021   5  -999.0     9.0  -999.0     8.0  -999.0    18.0  -999.0  -999.0     5.0     7.0     3.0    13.0  -999.0  -999.0  -999.0     9.0  -999.0     7.0    15.0  -999.0  -999.0  -999.0  -999.0  -999.0     4.0
2021   6  -999.0    16.0  -999.0    17.0  -999.0    37.0  -999.0  -999.0    19.0    17.0    10.0    23.0  -999.0  -999.0  -999.0    18.0  -999.0    13.0    26.0  -999.0  -999.0  -999.0  -999.0  -999.0    12.0
2021   7  -999.0    18.0  -999.0    19.0  -999.0    44.0  -999.0  -999.0    27.0    21.0    20.0    23.0  -999.0  -999.0  -999.0    20.0  -999.0    19.0    32.0  -999.0  -999.0  -999.0  -999.0  -999.0    24.0
2021   8  -999.0    14.0  -999.0    19.0  -999.0    44.0  -999.0  -999.0    31.0    16.0    10.0    29.0  -999.0  -999.0  -999.0    15.0  -999.0    18.0    24.0  -999.0  -999.0  -999.0  -999.0  -999.0    15.0
2021   9  -999.0    10.0  -999.0    14.0  -999.0    25.0  -999.0  -999.0    24.0    12.0     7.0    17.0  -999.0  -999.0  -999.0    10.0  -999.0    11.0    16.0  -999.0  -999.0  -999.0  -999.0  -999.0    10.0
2021  10  -999.0     5.0  -999.0     8.0  -999.0    23.0  -999.0  -999.0     6.0     5.0     4.0    10.0  -999.0  -999.0  -999.0     4.0  -999.0     6.0    12.0  -999.0  -999.0  -999.0  -999.0  -999.0     6.0
2021  11  -999.0     9.0  -999.0     8.0  -999.0    24.0  -999.0  -999.0    12.0     8.0     6.0    14.0  -999.0  -999.0  -999.0     9.0  -999.0     9.0    20.0  -999.0  -999.0  -999.0  -999.0  -999.0     9.0
2021  12  -999.0    14.0  -999.0    23.0  -999.0    21.0  -999.0  -999.0    20.0    15.0    11.0    27.0  -999.0  -999.0  -999.0    17.0  -999.0    17.0    23.0  -999.0  -999.0  -999.0  -999.0  -999.0    15.0
2021  13  -999.0    22.0  -999.0    31.0  -999.0    17.0  -999.0  -999.0    26.0    25.0    15.0    36.0  -999.0  -999.0  -999.0    28.0  -999.0    25.0    31.0  -999.0  -999.0  -999.0  -999.0  -999.0    23.0
2021  14  -999.0    19.0  -999.0    31.0  -999.0  -999.0  -999.0  -999.0    23.0    25.0    20.0    32.0  -999.0  -999.0  -999.0    23.0  -999.0    26.0    34.0  -999.0  -999.0  -999.0  -999.0  -999.0    21.0
2021  15  -999.0    14.0  -999.0    15.0  -999.0    35.0  -999.0  -999.0    26.0    17.0    11.0    27.0  -999.0  -999.0  -999.0    15.0  -999.0    17.0    21.0  -999.0  -999.0  -999.0  -999.0  -999.0    16.0
2021  16  -999.0     9.0  -999.0     8.0  -999.0    59.0  -999.0  -999.0    15.0     6.0     6.0    23.0  -999.0  -999.0  -999.0     8.0  -999.0    10.0    12.0  -999.0  -999.0  -999.0  -999.0  -999.0     5.0
2021  17  -999.0    22.0  -999.0    27.0  -999.0    52.0  -999.0  -999.0    30.0    25.0    19.0  -999.0  -999.0  -999.0  -999.0    22.0  -999.0    24.0    40.0  -999.0  -999.0  -999.0  -999.0  -999.0    21.0
2021  18  -999.0    22.0  -999.0    35.0  -999.0    37.0  -999.0  -999.0    30.0    18.0    12.0    36.0  -999.0  -999.0  -999.0    24.0  -999.0    21.0    31.0  -999.0  -999.0  -999.0  -999.0  -999.0    24.0
2021  19  -999.0    27.0  -999.0    23.0  -999.0    62.0  -999.0  -999.0    23.0    29.0    15.0    27.0  -999.0  -999.0  -999.0    26.0  -999.0    26.0    26.0  -999.0  -999.0  -999.0  -999.0  -999.0    25.0
2021  20  -999.0    17.0  -999.0    14.0  -999.0    39.0  -999.0  -999.0    14.0    21.0     9.0    24.0  -999.0  -999.0  -999.0    18.0  -999.0    21.0    18.0  -999.0  -999.0  -999.0  -999.0  -999.0     8.0
2021  21  -999.0     7.0  -999.0     6.0  -999.0    25.0  -999.0  -999.0    10.0    14.0     7.0    17.0  -999.0  -999.0  -999.0     6.0  -999.0    10.0    10.0  -999.0  -999.0  -999.0  -999.0  -999.0     9.0
2021  22  -999.0  -999.0  -999.0     6.0  -999.0    12.0  -999.0  -999.0     7.0     7.0     7.0    10.0  -999.0  -999.0  -999.0  -999.0  -999.0     8.0    10.0  -999.0  -999.0  -999.0  -999.0  -999.0     9.0
2021  23  -999.0  -999.0  -999.0     4.0  -999.0    15.0  -999.0  -999.0     9.0     5.0     4.0    12.0  -999.0  -999.0  -999.0  -999.0  -999.0     5.0     8.0  -999.0  -999.0  -999.0  -999.0  -999.0     8.0
2021  24  -999.0     1.0  -999.0     6.0  -999.0     8.0  -999.0  -999.0    10.0     4.0     3.0    10.0  -999.0  -999.0  -999.0     2.0  -999.0     5.0     7.0  -999.0  -999.0  -999.0  -999.0  -999.0     6.0
2021  25  -999.0     6.0  -999.0     8.0  -999.0    12.0  -999.0  -999.0    10.0     8.0     6.0    11.0  -999.0  -999.0  -999.0     7.0  -999.0     8.0    14.0  -999.0  -999.0  -999.0  -999.0  -999.0     5.0
2021  26  -999.0    13.0  -999.0    13.0  -999.0    15.0  -999.0  -999.0    10.0    10.0     7.0    17.0  -999.0  -999.0  -999.0    13.0  -999.0    12.0    19.0  -999.0  -999.0  -999.0  -999.0  -999.0     7.0
2021  27  -999.0    23.0  -999.0    34.0  -999.0    41.0  -999.0  -999.0    23.0    25.0    20.0    29.0  -999.0  -999.0  -999.0    25.0  -999.0    23.0    38.0  -999.0  -999.0  -999.0  -999.0  -999.0    26.0
2021  28  -999.0    22.0  -999.0    22.0  -999.0    38.0  -999.0  -999.0    17.0    23.0    18.0    25.0  -999.0  -999.0  -999.0    24.0  -999.0    20.0    29.0  -999.0  -999.0  -999.0  -999.0  -999.0    20.0
2021  29  -999.0    16.0  -999.0    14.0  -999.0    43.0  -999.0  -999.0    24.0    19.0    11.0    30.0  -999.0  -999.0  -999.0    17.0  -999.0    18.0    23.0  -999.0  -999.0  -999.0  -999.0  -999.0    13.0
2021  30  -999.0     3.0  -999.0    12.0  -999.0    19.0  -999.0  -999.0    13.0    15.0     6.0    21.0  -999.0  -999.0  -999.0     4.0  -999.0    12.0    13.0  -999.0  -999.0  -999.0  -999.0  -999.0     9.0
2021  31  -999.0     1.0  -999.0    13.0  -999.0    22.0  -999.0  -999.0    12.0     9.0     5.0    14.0  -999.0  -999.0  -999.0     4.0  -999.0     9.0    12.0  -999.0  -999.0  -999.0  -999.0  -999.0    13.0
2021  32  -999.0    13.0  -999.0    19.0  -999.0    34.0  -999.0  -999.0    18.0    18.0    14.0    19.0  -999.0  -999.0  -999.0    15.0  -999.0    19.0    23.0  -999.0  -999.0  -999.0  -999.0  -999.0    15.0
2021  33  -999.0    20.0  -999.0    26.0  -999.0    36.0  -999.0  -999.0    26.0    21.0    14.0    26.0  -999.0  -999.0  -999.0    22.0  -999.0    20.0    28.0  -999.0  -999.0  -999.0  -999.0  -999.0    20.0
2021  34  -999.0    20.0  -999.0    19.0  -999.0    51.0  -999.0  -999.0    20.0    19.0    12.0    22.0  -999.0  -999.0  -999.0    20.0  -999.0    15.0    19.0  -999.0  -999.0  -999.0  -999.0  -999.0    15.0
2021  35  -999.0    14.0  -999.0    16.0  -999.0    34.0  -999.0  -999.0    23.0    11.0     8.0    22.0  -999.0  -999.0  -999.0    16.0  -999.0    11.0    15.0  -999.0  -999.0  -999.0  -999.0  -999.0    10.0
2021  36  -999.0    17.0  -999.0    24.0  -999.0    35.0  -999.0  -999.0    24.0    17.0    16.0    28.0  -999.0  -999.0  -999.0    20.0  -999.0    20.0    25.0  -999.0  -999.0  -999.0  -999.0  -999.0    21.0
2021  37  -999.0    14.0  -999.0    20.0  -999.0    26.0  -999.0  -999.0    19.0    20.0    12.0    22.0  -999.0  -999.0  -999.0    13.0  -999.0    18.0    19.0  -999.0  -999.0  -999.0  -999.0  -999.0    14.0
2021  38  -999.0     5.0  -999.0    11.0  -999.0    26.0  -999.0  -999.0    11.0    11.0    11.0    19.0  -999.0  -999.0  -999.0     6.0  -999.0    15.0    18.0  -999.0  -999.0  -999.0  -999.0  -999.0    14.0
2021  39  -999.0     1.0  -999.0     5.0  -999.0    12.0  -999.0  -999.0     6.0     5.0     2.0  -999.0  -999.0  -999.0  -999.0     1.0  -999.0     4.0     6.0  -999.0  -999.0  -999.0  -999.0  -999.0     5.0
2021  40  -999.0     3.0  -999.0     5.0  -999.0     9.0  -999.0  -999.0     6.0     3.0     4.0     6.0  -999.0  -999.0  -999.0     3.0  -999.0     5.0     6.0  -999.0  -999.0  -999.0  -999.0  -999.0     4.0
2021  41  -999.0     8.0  -999.0     5.0  -999.0    16.0  -999.0  -999.0     8.0     5.0     2.0    10.0  -999.0  -999.0  -999.0     6.0  -999.0     7.0    13.0  -999.0  -999.0  -999.0  -999.0  -999.0     6.0
2021  42  -999.0    15.0  -999.0    18.0  -999.0    20.0  -999.0  -999.0    16.0    13.0     9.0    15.0  -999.0  -999.0  -999.0    17.0  -999.0    16.0    19.0  -999.0  -999.0  -999.0  -999.0  -999.0    16.0
2021  43  -999.0    14.0  -999.0    14.0  -999.0    20.0  -999.0  -999.0    13.0    13.0    16.0    12.0  -999.0  -999.0  -999.0    18.0  -999.0    14.0    19.0  -999.0  -999.0  -999.0  -999.0  -999.0    11.0
2021  44  -999.0    11.0  -999.0     8.0  -999.0     9.0  -999.0  -999.0     8.0     4.0     5.0     5.0  -999.0  -999.0  -999.0    11.0  -999.0     8.0     8.0  -999.0  -999.0  -999.0  -999.0  -999.0     4.0
2021  45  -999.0    15.0  -999.0     4.0  -999.0    11.0  -999.0  -999.0     7.0     4.0     3.0     7.0  -999.0  -999.0  -999.0    14.0  -999.0     8.0     5.0  -999.0  -999.0  -999.0  -999.0  -999.0     5.0
2021  46  -999.0    15.0  -999.0     9.0  -999.0    17.0  -999.0  -999.0    17.0    12.0     7.0    16.0  -999.0  -999.0  -999.0    16.0  -999.0     7.0    16.0  -999.0  -999.0  -999.0  -999.0  -999.0     7.0
2021  47  -999.0    23.0  -999.0    28.0  -999.0    27.0  -999.0  -999.0    24.0    23.0    21.0    24.0  -999.0  -999.0  -999.0  -999.0  -999.0    22.0    33.0  -999.0  -999.0  -999.0  -999.0  -999.0    23.0
2021  48  -999.0    18.0  -999.0    32.0  -999.0    22.0  -999.0  -999.0    14.0    25.0    16.0    30.0  -999.0  -999.0  -999.0    32.0  -999.0    22.0    35.0  -999.0  -999.0  -999.0  -999.0  -999.0    33.0
2021  49  -999.0    13.0  -999.0  -999.0  -999.0    37.0  -999.0  -999.0    23.0     3.0    23.0    20.0  -999.0  -999.0  -999.0    19.0  -999.0    20.0    46.0  -999.0  -999.0  -999.0  -999.0  -999.0    36.0
2021  50  -999.0    12.0  -999.0  -999.0  -999.0    47.0  -999.0  -999.0    20.0  -999.0    22.0    23.0  -999.0  -999.0  -999.0    21.0  -999.0    26.0    42.0  -999.0  -999.0  -999.0  -999.0  -999.0    29.0
2021  51  -999.0    16.0  -999.0  -999.0  -999.0    37.0  -999.0  -999.0    20.0  -999.0    16.0    19.0  -999.0  -999.0  -999.0    18.0  -999.0    19.0    31.0  -999.0  -999.0  -999.0  -999.0  -999.0    27.0
2021  52  -999.0    22.0  -999.0  -999.0  -999.0    30.0  -999.0  -999.0    31.0     0.0    27.0    24.0  -999.0  -999.0  -999.0    29.0  -999.0    28.0    39.0  -999.0  -999.0  -999.0  -999.0  -999.0    33.0
2021  53  -999.0    24.0  -999.0  -999.0  -999.0    37.0  -999.0  -999.0    32.0  -999.0    22.0    26.0  -999.0  -999.0  -999.0    30.0  -999.0    28.0    35.0  -999.0  -999.0  -999.0  -999.0  -999.0    29.0
2021  54  -999.0    21.0  -999.0    18.0  -999.0    39.0  -999.0  -999.0    31.0  -999.0    19.0    26.0  -999.0  -999.0  -999.0    24.0  -999.0    23.0    26.0  -999.0  -999.0  -999.0  -999.0  -999.0  -999.0
2021  55  -999.0    31.0  -999.0  -999.0  -999.0    57.0  -999.0  -999.0    42.0    38.0    36.0    38.0  -999.0  -999.0  -999.0    37.0  -999.0     0.0    53.0  -999.0  -999.0  -999.0  -999.0  -999.0    38.0
2021  56  -999.0    30.0  -999.0  -999.0  -999.0    58.0  -999.0  -999.0    41.0    38.0    39.0    37.0  -999.0  -999.0  -999.0    35.0  -999.0    27.0    51.0  -999.0  -999.0  -999.0  -999.0  -999.0    33.0
2021  57  -999.0    23.0  -999.0    39.0  -999.0    59.0  -999.0  -999.0    40.0    32.0    28.0    36.0  -999.0  -999.0  -999.0    30.0  -999.0    40.0    39.0  -999.0  -999.0  -999.0  -999.0  -999.0    26.0
2021  58  -999.0    20.0  -999.0    35.0  -999.0    65.0  -999.0  -999.0    53.0    36.0    25.0    47.0  -999.0  -999.0  -999.0    29.0  -999.0    30.0    38.0  -999.0  -999.0  -999.0  -999.0  -999.0    27.0
2021  59  -999.0    18.0  -999.0    34.0  -999.0    57.0  -999.0  -999.0    42.0    26.0    21.0    28.0  -999.0  -999.0  -999.0    25.0  -999.0    34.0    34.0  -999.0  -999.0  -999.0  -999.0  -999.0    31.0
2021  60  -999.0    12.0  -999.0    20.0  -999.0    33.0  -999.0  -999.0    25.0    16.0    14.0    18.0  -999.0  -999.0  -999.0    15.0  -999.0    15.0    20.0  -999.0  -999.0  -999.0  -999.0  -999.0    14.0
2021  61  -999.0    22.0  -999.0    27.0  -999.0    37.0  -999.0  -999.0    27.0    24.0    20.0    22.0  -999.0  -999.0  -999.0    25.0  -999.0    22.0    34.0  -999.0  -999.0  -999.0  -999.0  -999.0    27.0
2021  62  -999.0    23.0  -999.0    32.0  -999.0    44.0  -999.0  -999.0    27.0    29.0    30.0    27.0  -999.0  -999.0  -999.0    29.0  -999.0    27.0    45.0  -999.0  -999.0  -999.0  -999.0  -999.0    37.0
2021  63  -999.0    22.0  -999.0    29.0  -999.0    40.0  -999.0  -999.0    28.0    30.0    27.0    27.0  -999.0  -999.0  -999.0    28.0  -999.0    30.0    44.0  -999.0  -999.0  -999.0  -999.0  -999.0    36.0
2021  64  -999.0    16.0  -999.0    26.0  -999.0    31.0  -999.0  -999.0    21.0    24.0    21.0    20.0  -999.0  -999.0  -999.0    20.0  -999.0    22.0    31.0  -999.0  -999.0  -999.0  -999.0  -999.0    25.0
2021  65  -999.0    16.0  -999.0    24.0  -999.0    32.0  -999.0  -999.0    20.0    17.0    14.0    18.0  -999.0  -999.0  -999.0    15.0  -999.0    18.0    23.0  -999.0  -999.0  -999.0  -999.0  -999.0    16.0
2021  66  -999.0     9.0  -999.0    19.0  -999.0    25.0  -999.0  -999.0    25.0  -999.0    16.0    20.0  -999.0  -999.0  -999.0    12.0  -999.0    14.0    24.0  -999.0  -999.0  -999.0  -999.0  -999.0    15.0
2021  67  -999.0     8.0  -999.0     8.0  -999.0    20.0  -999.0  -999.0    11.0    11.0     4.0     9.0  -999.0  -999.0  -999.0     8.0  -999.0    10.0    15.0  -999.0  -999.0  -999.0  -999.0  -999.0     9.0
2021  68  -999.0     2.0  -999.0     8.0  -999.0    11.0  -999.0  -999.0     8.0     5.0     4.0     7.0  -999.0  -999.0  -999.0     3.0  -999.0     5.0    12.0  -999.0  -999.0  -999.0  -999.0  -999.0     7.0
2021  69  -999.0     7.0  -999.0     8.0  -999.0    17.0  -999.0  -999.0     8.0     9.0     7.0    10.0  -999.0  -999.0  -999.0     9.0  -999.0     9.0    13.0  -999.0  -999.0  -999.0  -999.0  -999.0    10.0
2021  70  -999.0    10.0  -999.0    11.0  -999.0    17.0  -999.0  -999.0    16.0     9.0    14.0    12.0  -999.0  -999.0  -999.0    12.0  -999.0    11.0    17.0  -999.0  -999.0  -999.0  -999.0  -999.0    10.0
2021  71  -999.0     9.0  -999.0     8.0  -999.0    28.0  -999.0  -999.0    11.0     9.0     8.0  -999.0  -999.0  -999.0  -999.0    10.0  -999.0     7.0    11.0  -999.0  -999.0  -999.0  -999.0  -999.0     6.0
2021  72  -999.0     8.0  -999.0     9.0  -999.0    22.0  -999.0  -999.0    10.0     9.0     7.0    12.0  -999.0  -999.0  -999.0     7.0  -999.0     7.0    10.0  -999.0  -999.0  -999.0  -999.0  -999.0     7.0
2021  73  -999.0  -999.0  -999.0     4.0  -999.0     9.0  -999.0  -999.0     5.0     4.0     4.0     6.0  -999.0  -999.0  -999.0     3.0  -999.0     2.0    13.0  -999.0  -999.0  -999.0  -999.0  -999.0     7.0
2021  74  -999.0     2.0  -999.0     7.0  -999.0    15.0  -999.0  -999.0    11.0     4.0     4.0     8.0  -999.0  -999.0  -999.0     3.0  -999.0     2.0     8.0  -999.0  -999.0  -999.0  -999.0  -999.0     5.0
2021  75  -999.0     9.0  -999.0    16.0  -999.0    23.0  -999.0  -999.0    12.0    14.0     9.0    15.0  -999.0  -999.0  -999.0    12.0  -999.0    13.0    20.0  -999.0  -999.0  -999.0  -999.0  -999.0    13.0
2021  76  -999.0    11.0  -999.0    14.0  -999.0    24.0  -999.0  -999.0    14.0    13.0    12.0    13.0  -999.0  -999.0  -999.0    12.0  -999.0    10.0    19.0  -999.0  -999.0  -999.0  -999.0  -999.0    16.0
2021  77  -999.0    12.0  -999.0    10.0  -999.0    15.0  -999.0  -999.0    16.0    11.0    10.0    12.0  -999.0  -999.0  -999.0    12.0  -999.0     8.0    17.0  -999.0  -999.0  -999.0  -999.0  -999.0    12.0
2021  78  -999.0    12.0  -999.0    12.0  -999.0    22.0  -999.0  -999.0    17.0    11.0     9.0    14.0  -999.0  -999.0  -999.0    11.0  -999.0     9.0    21.0     9.0  -999.0  -999.0  -999.0  -999.0    12.0
2021  79  -999.0     5.0  -999.0     9.0  -999.0    13.0  -999.0  -999.0    11.0     7.0     7.0    11.0  -999.0  -999.0  -999.0     5.0  -999.0     5.0    17.0  -999.0  -999.0  -999.0  -999.0  -999.0    10.0
2021  80  -999.0     4.0  -999.0     8.0  -999.0    17.0  -999.0  -999.0    10.0     8.0     8.0     9.0  -999.0  -999.0  -999.0     5.0  -999.0     7.0    12.0  -999.0  -999.0  -999.0  -999.0  -999.0     9.0
2021  81  -999.0     8.0  -999.0     7.0  -999.0    13.0  -999.0  -999.0     9.0     7.0     6.0     7.0  -999.0  -999.0  -999.0     6.0  -999.0     6.0     9.0  -999.0  -999.0  -999.0  -999.0  -999.0     6.0
2021  82  -999.0    10.0  -999.0     7.0  -999.0    13.0  -999.0  -999.0     9.0     6.0     7.0     8.0  -999.0  -999.0  -999.0    10.0  -999.0     7.0    10.0  -999.0  -999.0  -999.0  -999.0  -999.0     9.0
2021  83  -999.0    12.0  -999.0     9.0  -999.0    15.0  -999.0  -999.0    16.0     9.0     9.0    12.0  -999.0  -999.0  -999.0    16.0  -999.0     7.0    11.0  -999.0  -999.0  -999.0  -999.0  -999.0     9.0
2021  84  -999.0    21.0  -999.0    18.0  -999.0    26.0  -999.0  -999.0    20.0    17.0    13.0    14.0  -999.0  -999.0  -999.0    21.0  -999.0    15.0    20.0  -999.0  -999.0  -999.0  -999.0  -999.0    13.0
2021  85  -999.0    15.0  -999.0    21.0  -999.0    25.0  -999.0  -999.0    15.0    16.0    12.0    14.0  -999.0  -999.0  -999.0    17.0  -999.0    15.0    29.0  -999.0  -999.0  -999.0  -999.0  -999.0    17.0
2021  86  -999.0    12.0  -999.0    18.0  -999.0    24.0  -999.0  -999.0    16.0    16.0    15.0    16.0  -999.0  -999.0  -999.0    15.0  -999.0    12.0    29.0  -999.0  -999.0  -999.0  -999.0  -999.0    14.0
2021  87  -999.0    13.0  -999.0    20.0  -999.0    23.0  -999.0  -999.0    18.0    17.0    14.0    13.0  -999.0  -999.0  -999.0    15.0  -999.0    13.0    22.0  -999.0  -999.0  -999.0  -999.0  -999.0    17.0
2021  88  -999.0    14.0  -999.0    14.0  -999.0    18.0  -999.0  -999.0    17.0    15.0    12.0    13.0  -999.0  -999.0  -999.0    16.0  -999.0    13.0    21.0  -999.0  -999.0  -999.0  -999.0  -999.0    14.0
2021  89  -999.0    13.0  -999.0    20.0  -999.0    22.0  -999.0  -999.0    22.0    14.0    17.0    17.0  -999.0  -999.0  -999.0    16.0  -999.0    12.0    23.0  -999.0  -999.0  -999.0  -999.0  -999.0    17.0
2021  90  -999.0    12.0  -999.0    19.0  -999.0    22.0  -999.0  -999.0    18.0    16.0    13.0    15.0  -999.0  -999.0  -999.0    14.0  -999.0    13.0    23.0  -999.0  -999.0  -999.0  -999.0  -999.0    18.0
2021  91  -999.0     8.0  -999.0    14.0  -999.0    24.0  -999.0  -999.0    18.0    13.0    12.0    17.0  -999.0  -999.0  -999.0     9.0  -999.0    10.0    18.0  -999.0  -999.0  -999.0  -999.0  -999.0    12.0
2021  92  -999.0     6.0  -999.0    15.0  -999.0    23.0  -999.0  -999.0    17.0    13.0    11.0    15.0  -999.0  -999.0  -999.0     6.0  -999.0     9.0    17.0  -999.0  -999.0  -999.0  -999.0  -999.0    10.0
2021  93  -999.0     6.0  -999.0    14.0  -999.0    27.0  -999.0  -999.0    14.0    13.0    11.0    11.0  -999.0  -999.0  -999.0     8.0  -999.0    10.0    18.0  -999.0  -999.0  -999.0  -999.0  -999.0    12.0
2021  94  -999.0     1.0  -999.0     7.0  -999.0     8.0  -999.0  -999.0     8.0     5.0     4.0     5.0  -999.0  -999.0  -999.0     3.0  -999.0     4.0     7.0  -999.0  -999.0  -999.0  -999.0  -999.0     7.0
2021  95  -999.0     1.0  -999.0     8.0  -999.0    10.0  -999.0  -999.0    10.0     5.0     5.0     7.0  -999.0  -999.0  -999.0     2.0  -999.0     4.0    10.0  -999.0  -999.0  -999.0  -999.0  -999.0     7.0
2021  96  -999.0     5.0  -999.0     8.0  -999.0    13.0  -999.0  -999.0     8.0     8.0     6.0     8.0  -999.0  -999.0  -999.0     6.0  -999.0     5.0    12.0  -999.0  -999.0  -999.0  -999.0  -999.0     7.0
2021  97  -999.0     7.0  -999.0     5.0  -999.0     7.0  -999.0  -999.0     6.0     2.0     8.0     4.0  -999.0  -999.0  -999.0     9.0  -999.0     5.0     6.0  -999.0  -999.0  -999.0  -999.0  -999.0     5.0
2021  98  -999.0    11.0  -999.0    10.0  -999.0    13.0  -999.0  -999.0     8.0     8.0     4.0     8.0  -999.0  -999.0  -999.0    12.0  -999.0     6.0    13.0  -999.0  -999.0  -999.0  -999.0  -999.0     8.0
2021  99  -999.0    15.0  -999.0  -999.0  -999.0    19.0  -999.0  -999.0    11.0    11.0    10.0     8.0  -999.0  -999.0  -999.0    15.0  -999.0     8.0    14.0  -999.0  -999.0  -999.0  -999.0  -999.0    12.0
2021 100  -999.0    15.0  -999.0    10.0  -999.0    18.0  -999.0  -999.0    14.0    10.0     7.0    11.0  -999.0  -999.0  -999.0    11.0  -999.0     7.0    13.0  -999.0  -999.0  -999.0  -999.0  -999.0     8.0
2021 101  -999.0     5.0  -999.0    11.0  -999.0    18.0  -999.0  -999.0    14.0     8.0    10.0  -999.0  -999.0  -999.0  -999.0     4.0  -999.0     6.0    12.0  -999.0  -999.0  -999.0  -999.0  -999.0     9.0
2021 102  -999.0  -999.0  -999.0  -999.0  -999.0    18.0  -999.0  -999.0    11.0    11.0     8.0  -999.0  -999.0  -999.0  -999.0     5.0  -999.0    11.0    14.0  -999.0  -999.0  -999.0  -999.0  -999.0    10.0
2021 103  -999.0     8.0  -999.0     6.0  -999.0     9.0  -999.0  -999.0     8.0     6.0  -999.0     7.0  -999.0  -999.0  -999.0     5.0  -999.0     4.0     8.0  -999.0  -999.0  -999.0  -999.0  -999.0     6.0
2021 104  -999.0     7.0  -999.0     5.0  -999.0    11.0  -999.0  -999.0     7.0     4.0     4.0     5.0  -999.0  -999.0  -999.0     4.0  -999.0     2.0     7.0  -999.0  -999.0  -999.0  -999.0  -999.0     6.0
2021 105  -999.0    10.0  -999.0    11.0  -999.0    12.0  -999.0  -999.0    10.0     9.0     8.0     8.0  -999.0  -999.0  -999.0     9.0  -999.0     7.0    14.0  -999.0  -999.0  -999.0  -999.0  -999.0    10.0
2021 106  -999.0     8.0  -999.0    12.0  -999.0    14.0  -999.0  -999.0    13.0     9.0     8.0    10.0  -999.0  -999.0  -999.0     9.0  -999.0     8.0  -999.0  -999.0  -999.0  -999.0  -999.0  -999.0  -999.0
2021 107  -999.0     6.0  -999.0     8.0  -999.0    13.0  -999.0  -999.0    13.0     8.0     9.0     9.0  -999.0  -999.0  -999.0     6.0  -999.0     5.0    10.0  -999.0  -999.0  -999.0  -999.0  -999.0     8.0
2021 108  -999.0     5.0  -999.0    10.0  -999.0    14.0  -999.0  -999.0    12.0     9.0     7.0    10.0  -999.0  -999.0  -999.0     8.0  -999.0     8.0    11.0  -999.0  -999.0  -999.0  -999.0  -999.0     8.0
2021 109  -999.0     8.0  -999.0    11.0  -999.0    15.0  -999.0  -999.0  -999.0  -999.0    10.0    10.0  -999.0  -999.0  -999.0     9.0  -999.0     8.0    14.0  -999.0  -999.0  -999.0  -999.0  -999.0    11.0
2021 110  -999.0    13.0  -999.0    15.0  -999.0    19.0  -999.0  -999.0    13.0    10.0    11.0    10.0  -999.0  -999.0  -999.0    14.0  -999.0    11.0    16.0  -999.0  -999.0  -999.0  -999.0  -999.0    15.0
2021 111  -999.0    12.0  -999.0    16.0  -999.0    20.0  -999.0  -999.0    13.0    11.0    11.0     9.0  -999.0  -999.0  -999.0    12.0  -999.0    10.0    17.0  -999.0  -999.0  -999.0  -999.0  -999.0    13.0
2021 112  -999.0     8.0  -999.0     7.0  -999.0    12.0  -999.0  -999.0     9.0     6.0     9.0     7.0  -999.0  -999.0  -999.0  -999.0  -999.0     6.0    10.0  -999.0  -999.0  -999.0  -999.0  -999.0     8.0
2021 113  -999.0     9.0  -999.0    12.0  -999.0    11.0  -999.0  -999.0    13.0    10.0    10.0    11.0  -999.0  -999.0  -999.0    10.0  -999.0    10.0    13.0  -999.0  -999.0  -999.0  -999.0  -999.0    11.0
2021 114  -999.0     7.0  -999.0    11.0  -999.0    16.0  -999.0  -999.0    12.0     9.0     8.0    12.0  -999.0  -999.0  -999.0     9.0  -999.0     5.0    27.0  -999.0  -999.0  -999.0  -999.0  -999.0     9.0
2021 115  -999.0     9.0  -999.0    14.0  -999.0    14.0  -999.0  -999.0    11.0    11.0    11.0     8.0  -999.0  -999.0  -999.0    10.0  -999.0     8.0    15.0  -999.0  -999.0  -999.0  -999.0  -999.0    10.0
2021 116  -999.0     7.0  -999.0    12.0  -999.0  -999.0  -999.0  -999.0    12.0    11.0    11.0    11.0  -999.0  -999.0  -999.0     9.0  -999.0     7.0    15.0  -999.0  -999.0  -999.0  -999.0  -999.0    11.0
2021 117  -999.0     7.0  -999.0    11.0  -999.0    13.0  -999.0  -999.0    11.0    10.0     7.0    10.0  -999.0  -999.0  -999.0     5.0  -999.0     8.0    13.0  -999.0  -999.0  -999.0  -999.0  -999.0     9.0
2021 118  -999.0     6.0  -999.0     6.0  -999.0    13.0  -999.0  -999.0     9.0     7.0     6.0     8.0  -999.0  -999.0  -999.0     4.0  -999.0     7.0    10.0  -999.0  -999.0  -999.0  -999.0  -999.0     6.0
2021 119  -999.0     8.0  -999.0    11.0  -999.0    11.0  -999.0  -999.0     9.0     9.0     8.0    10.0  -999.0  -999.0  -999.0    11.0  -999.0     8.0    12.0  -999.0  -999.0  -999.0  -999.0  -999.0     9.0
2021 120  -999.0    14.0  -999.0    11.0  -999.0    12.0  -999.0  -999.0    10.0    10.0    11.0     9.0  -999.0  -999.0  -999.0    11.0  -999.0     7.0    12.0  -999.0  -999.0  -999.0  -999.0  -999.0    14.0
2021 121  -999.0    12.0  -999.0    15.0  -999.0    17.0  -999.0  -999.0    14.0    16.0    13.0    15.0  -999.0  -999.0  -999.0    14.0  -999.0    12.0    18.0  -999.0  -999.0  -999.0  -999.0  -999.0    15.0
2021 122  -999.0     6.0  -999.0     6.0  -999.0     7.0  -999.0  -999.0     6.0     6.0     7.0     6.0  -999.0  -999.0  -999.0     8.0  -999.0     3.0     8.0  -999.0  -999.0  -999.0  -999.0  -999.0     6.0
2021 123  -999.0     6.0  -999.0     7.0  -999.0     8.0  -999.0  -999.0     7.0     7.0     6.0     7.0  -999.0  -999.0  -999.0    10.0  -999.0     4.0     7.0  -999.0  -999.0  -999.0  -999.0  -999.0     7.0
2021 124  -999.0     7.0  -999.0     9.0  -999.0    12.0  -999.0  -999.0     9.0     7.0     7.0     6.0  -999.0  -999.0  -999.0     8.0  -999.0     4.0     7.0  -999.0  -999.0  -999.0  -999.0  -999.0     9.0
2021 125  -999.0     8.0  -999.0    10.0  -999.0     9.0  -999.0  -999.0     8.0     5.0     6.0     8.0  -999.0  -999.0  -999.0     9.0  -999.0     5.0     7.0  -999.0  -999.0  -999.0  -999.0  -999.0     6.0
2021 126  -999.0     0.0  -999.0     5.0  -999.0     1.0  -999.0  -999.0     7.0     5.0     6.0     7.0  -999.0  -999.0  -999.0     3.0  -999.0     3.0     6.0  -999.0  -999.0  -999.0  -999.0  -999.0     5.0
2021 127  -999.0     5.0  -999.0     7.0  -999.0     9.0  -999.0  -999.0     5.0     7.0     5.0     5.0  -999.0  -999.0  -999.0     5.0  -999.0     4.0     6.0     5.0  -999.0  -999.0  -999.0  -999.0    10.0
2021 128  -999.0     7.0  -999.0     7.0  -999.0    10.0  -999.0  -999.0     8.0     8.0     6.0     6.0  -999.0  -999.0  -999.0     9.0  -999.0     6.0     7.0  -999.0  -999.0  -999.0  -999.0  -999.0     7.0
2021 129  -999.0     8.0  -999.0    10.0  -999.0    19.0  -999.0  -999.0    10.0     9.0     8.0     9.0  -999.0  -999.0  -999.0     9.0  -999.0     8.0     9.0  -999.0  -999.0  -999.0  -999.0  -999.0     8.0
2021 130  -999.0     9.0  -999.0    10.0  -999.0    11.0  -999.0  -999.0     8.0     9.0     9.0     9.0  -999.0  -999.0  -999.0    10.0  -999.0     5.0     9.0  -999.0  -999.0  -999.0  -999.0  -999.0     9.0
2021 131  -999.0     7.0  -999.0     9.0  -999.0    12.0  -999.0  -999.0     9.0     9.0     7.0     8.0  -999.0  -999.0  -999.0     8.0  -999.0     9.0    10.0  -999.0  -999.0  -999.0  -999.0  -999.0    10.0
2021 132  -999.0     1.0  -999.0     8.0  -999.0     6.0  -999.0  -999.0     5.0     4.0     4.0     5.0  -999.0  -999.0  -999.0     4.0  -999.0     2.0     5.0  -999.0  -999.0  -999.0  -999.0  -999.0     7.0
2021 133  -999.0     1.0  -999.0     5.0  -999.0     5.0  -999.0  -999.0     5.0     5.0     4.0     5.0  -999.0  -999.0  -999.0     4.0  -999.0     2.0     5.0  -999.0  -999.0  -999.0  -999.0  -999.0     9.0
2021 134  -999.0     2.0  -999.0    14.0  -999.0     8.0  -999.0  -999.0     4.0     5.0     3.0     5.0  -999.0  -999.0  -999.0     3.0  -999.0     9.0     4.0  -999.0  -999.0  -999.0  -999.0  -999.0     6.0
2021 135  -999.0     5.0  -999.0     5.0  -999.0     6.0  -999.0  -999.0     4.0     4.0     4.0     5.0  -999.0  -999.0  -999.0     3.0  -999.0     3.0    12.0  -999.0  -999.0  -999.0  -999.0  -999.0     5.0
2021 136  -999.0     4.0  -999.0     7.0  -999.0     7.0  -999.0  -999.0     4.0     5.0     4.0     5.0  -999.0  -999.0  -999.0     3.0  -999.0     4.0     6.0  -999.0  -999.0  -999.0  -999.0  -999.0     3.0
2021 137  -999.0     5.0  -999.0     6.0  -999.0     8.0  -999.0  -999.0     5.0     7.0     5.0     7.0  -999.0  -999.0  -999.0     6.0  -999.0     5.0     6.0  -999.0  -999.0  -999.0  -999.0  -999.0     7.0
2021 138  -999.0     6.0  -999.0     6.0  -999.0     9.0  -999.0  -999.0     5.0     5.0     5.0     6.0  -999.0  -999.0  -999.0     6.0  -999.0     6.0     6.0  -999.0  -999.0  -999.0  -999.0  -999.0     7.0
2021 139  -999.0     5.0  -999.0     3.0  -999.0     7.0  -999.0  -999.0     4.0     5.0     5.0     6.0  -999.0  -999.0  -999.0     5.0  -999.0     4.0     5.0  -999.0  -999.0  -999.0  -999.0  -999.0     7.0
2021 140  -999.0  -999.0  -999.0     4.0  -999.0     4.0  -999.0  -999.0     5.0     5.0     4.0     7.0  -999.0  -999.0  -999.0     8.0  -999.0     5.0     5.0  -999.0  -999.0  -999.0  -999.0  -999.0     5.0
2021 141  -999.0     6.0  -999.0     7.0  -999.0     6.0  -999.0  -999.0     6.0     7.0     6.0     5.0  -999.0  -999.0  -999.0     6.0  -999.0     4.0     6.0  -999.0  -999.0  -999.0  -999.0  -999.0     6.0
2021 142  -999.0     7.0  -999.0     6.0  -999.0     9.0  -999.0  -999.0     5.0     9.0     8.0     8.0  -999.0  -999.0  -999.0     8.0  -999.0     6.0     7.0  -999.0  -999.0  -999.0  -999.0  -999.0     7.0
2021 143  -999.0     5.0  -999.0     8.0  -999.0    10.0  -999.0  -999.0     8.0     8.0     6.0     9.0  -999.0  -999.0  -999.0     6.0  -999.0    10.0     6.0  -999.0  -999.0  -999.0  -999.0  -999.0     8.0
2021 144  -999.0     8.0  -999.0    11.0  -999.0    11.0  -999.0  -999.0     9.0    10.0     9.0    10.0  -999.0  -999.0  -999.0     7.0  -999.0    10.0     8.0  -999.0  -999.0  -999.0  -999.0  -999.0     9.0
2021 145  -999.0     8.0  -999.0     8.0  -999.0     9.0  -999.0  -999.0     7.0     7.0     6.0     7.0  -999.0  -999.0  -999.0     7.0  -999.0     7.0     7.0  -999.0  -999.0  -999.0  -999.0  -999.0     6.0
2021 146  -999.0     4.0  -999.0     7.0  -999.0    13.0  -999.0  -999.0     8.0     7.0     5.0     8.0  -999.0  -999.0  -999.0     5.0  -999.0     6.0     7.0  -999.0  -999.0  -999.0  -999.0  -999.0     7.0
2021 147  -999.0     5.0  -999.0     9.0  -999.0     9.0  -999.0  -999.0     9.0     8.0    11.0     8.0  -999.0  -999.0  -999.0     7.0  -999.0     7.0     6.0  -999.0  -999.0  -999.0  -999.0  -999.0     7.0
2021 148  -999.0     6.0  -999.0     8.0  -999.0  -999.0  -999.0  -999.0     9.0     9.0     7.0  -999.0  -999.0  -999.0  -999.0     6.0  -999.0     6.0     7.0  -999.0  -999.0  -999.0  -999.0  -999.0     7.0
2021 149  -999.0     6.0  -999.0     8.0  -999.0    11.0  -999.0  -999.0     8.0     9.0     7.0     8.0  -999.0  -999.0  -999.0     6.0  -999.0     7.0     8.0  -999.0  -999.0  -999.0  -999.0  -999.0     8.0
2021 150  -999.0     6.0  -999.0     8.0  -999.0     6.0  -999.0  -999.0     7.0     7.0     6.0     9.0  -999.0  -999.0  -999.0     7.0  -999.0     5.0     7.0  -999.0  -999.0  -999.0  -999.0  -999.0     8.0
2021 151  -999.0     6.0  -999.0     7.0  -999.0     7.0  -999.0  -999.0     8.0     8.0     7.0     7.0  -999.0  -999.0  -999.0     6.0  -999.0     7.0     7.0  -999.0  -999.0  -999.0  -999.0  -999.0     6.0
2021 152  -999.0     9.0  -999.0     9.0  -999.0     9.0  -999.0  -999.0     8.0    10.0     8.0  -999.0  -999.0  -999.0  -999.0     9.0  -999.0     8.0     9.0  -999.0  -999.0  -999.0  -999.0  -999.0     9.0
2021 153  -999.0    10.0  -999.0    11.0  -999.0    11.0  -999.0  -999.0     9.0    11.0     8.0  -999.0  -999.0  -999.0  -999.0    11.0  -999.0     8.0     9.0  -999.0  -999.0  -999.0  -999.0  -999.0    11.0
2021 154  -999.0     9.0  -999.0    13.0  -999.0    10.0  -999.0  -999.0     8.0    10.0    10.0  -999.0  -999.0  -999.0  -999.0    11.0  -999.0     8.0     9.0  -999.0  -999.0  -999.0  -999.0  -999.0    10.0
2021 155  -999.0    11.0  -999.0    11.0  -999.0    13.0  -999.0  -999.0    10.0    11.0     8.0    12.0  -999.0  -999.0  -999.0    12.0  -999.0     8.0     9.0  -999.0  -999.0  -999.0  -999.0  -999.0    11.0
2021 156  -999.0    14.0  -999.0    11.0  -999.0    14.0  -999.0  -999.0    10.0    12.0     9.0    13.0  -999.0  -999.0  -999.0    10.0  -999.0    11.0    10.0  -999.0  -999.0  -999.0  -999.0  -999.0    11.0
2021 157  -999.0     7.0  -999.0    11.0  -999.0    11.0  -999.0  -999.0     9.0    12.0    10.0    12.0  -999.0  -999.0  -999.0     8.0  -999.0    12.0    10.0  -999.0  -999.0  -999.0  -999.0  -999.0    12.0
2021 158  -999.0     7.0  -999.0    10.0  -999.0    10.0  -999.0  -999.0     7.0     9.0     8.0    10.0  -999.0  -999.0  -999.0     8.0  -999.0     9.0     9.0  -999.0  -999.0  -999.0  -999.0  -999.0    10.0
2021 159  -999.0     5.0  -999.0    11.0  -999.0     8.0  -999.0  -999.0     6.0     8.0     8.0     8.0  -999.0  -999.0  -999.0     7.0  -999.0     7.0     8.0  -999.0  -999.0  -999.0  -999.0  -999.0  -999.0
2021 160  -999.0     7.0  -999.0    11.0  -999.0    10.0  -999.0  -999.0     8.0     8.0     8.0    10.0  -999.0  -999.0  -999.0    10.0  -999.0     9.0     9.0  -999.0  -999.0  -999.0  -999.0  -999.0  -999.0
2021 161  -999.0     9.0  -999.0    13.0  -999.0    12.0  -999.0  -999.0    11.0    10.0    11.0    14.0  -999.0  -999.0  -999.0    12.0  -999.0    12.0    11.0  -999.0  -999.0  -999.0  -999.0  -999.0  -999.0
2021 162  -999.0     9.0  -999.0    11.0  -999.0    11.0  -999.0  -999.0    11.0     9.0    10.0    12.0  -999.0  -999.0  -999.0    10.0  -999.0     8.0    10.0  -999.0  -999.0  -999.0  -999.0  -999.0    11.0
2021 163  -999.0    10.0  -999.0     7.0  -999.0     9.0  -999.0  -999.0     9.0     8.0     9.0     9.0  -999.0  -999.0  -999.0    10.0  -999.0     8.0     8.0  -999.0  -999.0  -999.0  -999.0  -999.0    10.0
2021 164  -999.0    10.0  -999.0    11.0  -999.0    12.0  -999.0  -999.0    10.0    12.0    11.0    10.0  -999.0  -999.0  -999.0    10.0  -999.0     9.0    10.0  -999.0  -999.0  -999.0  -999.0  -999.0    13.0
2021 165  -999.0    12.0  -999.0    14.0  -999.0    14.0  -999.0  -999.0    12.0    10.0    11.0    12.0  -999.0  -999.0  -999.0    13.0  -999.0    14.0    12.0  -999.0  -999.0  -999.0  -999.0  -999.0    11.0
2021 166  -999.0     6.0  -999.0    15.0  -999.0    11.0  -999.0  -999.0    11.0    12.0    10.0    10.0  -999.0  -999.0  -999.0    10.0  -999.0     8.0     9.0  -999.0  -999.0  -999.0  -999.0  -999.0    10.0
2021 167  -999.0     5.0  -999.0     9.0  -999.0    12.0  -999.0  -999.0     9.0     8.0    10.0    10.0  -999.0  -999.0  -999.0     9.0  -999.0    10.0     9.0  -999.0  -999.0  -999.0  -999.0  -999.0     8.0
2021 168  -999.0     7.0  -999.0    14.0  -999.0    14.0  -999.0  -999.0    12.0    10.0     8.0    12.0  -999.0  -999.0  -999.0    10.0  -999.0     8.0     9.0  -999.0  -999.0  -999.0  -999.0  -999.0     8.0
2021 169  -999.0     6.0  -999.0    11.0  -999.0    13.0  -999.0  -999.0    11.0    13.0    10.0    13.0  -999.0  -999.0  -999.0    11.0  -999.0    10.0    10.0  -999.0  -999.0  -999.0  -999.0  -999.0     9.0
2021 170  -999.0     9.0  -999.0    12.0  -999.0    16.0  -999.0  -999.0    13.0    14.0    11.0    14.0  -999.0  -999.0  -999.0    10.0  -999.0    12.0    11.0  -999.0  -999.0  -999.0  -999.0  -999.0    11.0
2021 171  -999.0     8.0  -999.0    14.0  -999.0    15.0  -999.0  -999.0    14.0    16.0    18.0    17.0  -999.0  -999.0  -999.0    10.0  -999.0    11.0    14.0  -999.0  -999.0  -999.0  -999.0  -999.0    16.0
2021 172  -999.0    10.0  -999.0    15.0  -999.0    18.0  -999.0  -999.0    16.0    18.0    15.0    22.0  -999.0  -999.0  -999.0    10.0  -999.0    14.0    13.0  -999.0  -999.0  -999.0  -999.0  -999.0    12.0
2021 173  -999.0    11.0  -999.0    15.0  -999.0    17.0  -999.0  -999.0    18.0    17.0    15.0    20.0  -999.0  -999.0  -999.0    11.0  -999.0    17.0    14.0  -999.0  -999.0  -999.0  -999.0  -999.0    13.0
2021 174  -999.0    14.0  -999.0    19.0  -999.0    19.0  -999.0  -999.0    22.0    16.0    16.0    22.0  -999.0  -999.0  -999.0    15.0  -999.0    18.0    15.0  -999.0  -999.0  -999.0  -999.0  -999.0    13.0
2021 175  -999.0    17.0  -999.0    16.0  -999.0    21.0  -999.0  -999.0    16.0    15.0    11.0    19.0  -999.0  -999.0  -999.0    14.0  -999.0    14.0    11.0  -999.0  -999.0  -999.0  -999.0  -999.0    10.0
2021 176  -999.0    10.0  -999.0    14.0  -999.0    15.0  -999.0  -999.0    13.0    11.0     8.0    12.0  -999.0  -999.0  -999.0    10.0  -999.0     9.0     8.0  -999.0  -999.0  -999.0  -999.0  -999.0     8.0
2021 177  -999.0     7.0  -999.0     8.0  -999.0    10.0  -999.0  -999.0    10.0     9.0     8.0    11.0  -999.0  -999.0  -999.0     8.0  -999.0     6.0     7.0  -999.0  -999.0  -999.0  -999.0  -999.0     8.0
2021 178  -999.0     6.0  -999.0    10.0  -999.0    11.0  -999.0  -999.0    11.0    11.0    10.0    14.0  -999.0  -999.0  -999.0     8.0  -999.0     7.0     9.0  -999.0  -999.0  -999.0  -999.0  -999.0    11.0
2021 179  -999.0    13.0  -999.0    20.0  -999.0    16.0  -999.0  -999.0    15.0    15.0    14.0    19.0  -999.0  -999.0  -999.0    12.0  -999.0    16.0    14.0  -999.0  -999.0  -999.0  -999.0  -999.0    15.0
2021 180  -999.0    12.0  -999.0    17.0  -999.0    20.0  -999.0  -999.0    18.0    16.0    13.0    22.0  -999.0  -999.0  -999.0    11.0  -999.0    16.0    14.0  -999.0  -999.0  -999.0  -999.0  -999.0    15.0
2021 181  -999.0    11.0  -999.0    10.0  -999.0    13.0  -999.0  -999.0    14.0    41.0     8.0    12.0  -999.0  -999.0  -999.0     8.0  -999.0     8.0     9.0  -999.0  -999.0  -999.0  -999.0  -999.0     7.0
2021 182  -999.0     7.0  -999.0    12.0  -999.0     8.0  -999.0  -999.0     9.0     8.0     7.0    10.0  -999.0  -999.0  -999.0     9.0  -999.0     7.0     6.0  -999.0  -999.0  -999.0  -999.0  -999.0     5.0
2021 183  -999.0     5.0  -999.0     8.0  -999.0     9.0  -999.0  -999.0    10.0    10.0     8.0    11.0  -999.0  -999.0  -999.0     7.0  -999.0     6.0     7.0  -999.0  -999.0  -999.0  -999.0  -999.0     6.0
2021 184  -999.0     7.0  -999.0    11.0  -999.0     8.0  -999.0  -999.0    10.0    10.0     9.0    11.0  -999.0  -999.0  -999.0     9.0  -999.0     8.0     8.0  -999.0  -999.0  -999.0  -999.0  -999.0     8.0
2021 185  -999.0     7.0  -999.0    12.0  -999.0  -999.0  -999.0  -999.0     9.0     9.0     8.0    10.0  -999.0  -999.0  -999.0     7.0  -999.0     9.0     8.0  -999.0  -999.0  -999.0  -999.0  -999.0     8.0
2021 186  -999.0     9.0  -999.0     9.0  -999.0  -999.0  -999.0  -999.0    10.0     9.0     8.0    12.0  -999.0  -999.0  -999.0     8.0  -999.0     7.0     9.0  -999.0  -999.0  -999.0  -999.0  -999.0  -999.0
2021 187  -999.0    12.0  -999.0    12.0  -999.0    14.0  -999.0  -999.0    12.0    13.0    13.0    25.0  -999.0  -999.0  -999.0    11.0  -999.0     7.0    11.0  -999.0  -999.0  -999.0  -999.0  -999.0    11.0
2021 188  -999.0    10.0  -999.0    13.0  -999.0    13.0  -999.0  -999.0    12.0    13.0    10.0    18.0  -999.0  -999.0  -999.0    11.0  -999.0    11.0    10.0  -999.0  -999.0  -999.0  -999.0  -999.0    10.0
2021 189  -999.0    12.0  -999.0    16.0  -999.0     9.0  -999.0  -999.0    13.0    13.0    11.0    17.0  -999.0  -999.0  -999.0    13.0  -999.0    12.0    10.0  -999.0  -999.0  -999.0  -999.0  -999.0     9.0
2021 190  -999.0     8.0  -999.0    10.0  -999.0    12.0  -999.0  -999.0     9.0    10.0    10.0    13.0  -999.0  -999.0  -999.0     8.0  -999.0     8.0     9.0  -999.0  -999.0  -999.0  -999.0  -999.0     8.0
2021 191  -999.0     8.0  -999.0    12.0  -999.0    10.0  -999.0  -999.0    11.0    10.0     8.0    11.0  -999.0  -999.0  -999.0     8.0  -999.0     7.0     9.0  -999.0  -999.0  -999.0  -999.0  -999.0     7.0
2021 192  -999.0     7.0  -999.0    11.0  -999.0    12.0  -999.0  -999.0     9.0     9.0     7.0    12.0  -999.0  -999.0  -999.0     9.0  -999.0    11.0    10.0  -999.0  -999.0  -999.0  -999.0  -999.0    10.0
2021 193  -999.0     6.0  -999.0    10.0  -999.0    11.0  -999.0  -999.0    12.0    12.0    11.0    12.0  -999.0  -999.0  -999.0     8.0  -999.0     9.0     8.0  -999.0  -999.0  -999.0  -999.0  -999.0     9.0
2021 194  -999.0    10.0  -999.0    13.0  -999.0    14.0  -999.0  -999.0    16.0    16.0    13.0    43.0  -999.0  -999.0  -999.0    10.0  -999.0    12.0    14.0  -999.0  -999.0  -999.0  -999.0  -999.0    11.0
2021 195  -999.0     4.0  -999.0     5.0  -999.0     6.0  -999.0  -999.0     5.0     5.0     6.0     9.0  -999.0  -999.0  -999.0     5.0  -999.0     6.0     6.0  -999.0  -999.0  -999.0  -999.0  -999.0     7.0
2021 196  -999.0     4.0  -999.0     7.0  -999.0     7.0  -999.0  -999.0     6.0     7.0     7.0     8.0  -999.0  -999.0  -999.0     4.0  -999.0     6.0     7.0  -999.0  -999.0  -999.0  -999.0  -999.0     7.0
2021 197  -999.0     4.0  -999.0     7.0  -999.0  -999.0  -999.0  -999.0     5.0     7.0     6.0     7.0  -999.0  -999.0  -999.0     6.0  -999.0     6.0     7.0  -999.0  -999.0  -999.0  -999.0  -999.0     8.0
2021 198  -999.0     3.0  -999.0     9.0  -999.0     9.0  -999.0  -999.0     7.0     5.0     8.0     9.0  -999.0  -999.0  -999.0     5.0  -999.0     4.0     7.0  -999.0  -999.0  -999.0  -999.0  -999.0     8.0
2021 199  -999.0     4.0  -999.0     8.0  -999.0     9.0  -999.0  -999.0     6.0     9.0     9.0    13.0  -999.0  -999.0  -999.0     7.0  -999.0     7.0     8.0  -999.0  -999.0  -999.0  -999.0  -999.0     9.0
2021 200  -999.0     7.0  -999.0    12.0  -999.0    12.0  -999.0  -999.0    11.0    11.0    11.0    13.0  -999.0  -999.0  -999.0     9.0  -999.0    12.0    11.0  -999.0  -999.0  -999.0  -999.0  -999.0    12.0
2021 201  -999.0    12.0  -999.0    11.0  -999.0  -999.0  -999.0  -999.0    10.0    13.0    12.0    14.0  -999.0  -999.0  -999.0    12.0  -999.0    11.0    10.0  -999.0  -999.0  -999.0  -999.0  -999.0    13.0
2021 202  -999.0    13.0  -999.0    14.0  -999.0  -999.0  -999.0  -999.0    12.0    25.0    15.0    13.0  -999.0  -999.0  -999.0    14.0  -999.0    11.0    13.0  -999.0  -999.0  -999.0  -999.0  -999.0    13.0
2021 203  -999.0    14.0  -999.0    19.0  -999.0    12.0  -999.0  -999.0    13.0    16.0    16.0    16.0  -999.0  -999.0  -999.0    16.0  -999.0    13.0    12.0  -999.0  -999.0  -999.0  -999.0  -999.0    12.0
2021 204  -999.0    12.0  -999.0    19.0  -999.0    15.0  -999.0  -999.0    14.0    13.0     7.0    16.0  -999.0  -999.0  -999.0    15.0  -999.0    13.0    11.0  -999.0  -999.0  -999.0  -999.0  -999.0    11.0
2021 205  -999.0     8.0  -999.0    13.0  -999.0    14.0  -999.0  -999.0    12.0    13.0    13.0    13.0  -999.0  -999.0  -999.0    10.0  -999.0     9.0    11.0  -999.0  -999.0  -999.0  -999.0  -999.0     9.0
2021 206  -999.0     8.0  -999.0    17.0  -999.0    12.0  -999.0  -999.0    15.0    17.0    18.0    37.0  -999.0  -999.0  -999.0    10.0  -999.0    12.0    15.0  -999.0  -999.0  -999.0  -999.0  -999.0    24.0
2021 207  -999.0    13.0  -999.0    16.0  -999.0    13.0  -999.0  -999.0  -999.0    16.0    18.0    18.0  -999.0  -999.0  -999.0    13.0  -999.0    14.0    16.0  -999.0  -999.0  -999.0  -999.0  -999.0    15.0
2021 208  -999.0    13.0  -999.0    16.0  -999.0    15.0  -999.0  -999.0  -999.0    18.0    15.0    18.0  -999.0  -999.0  -999.0    13.0  -999.0    15.0    15.0  -999.0  -999.0  -999.0  -999.0  -999.0    14.0
2021 209  -999.0    11.0  -999.0    17.0  -999.0    17.0  -999.0  -999.0  -999.0    13.0    18.0    18.0  -999.0  -999.0  -999.0    13.0  -999.0    11.0    13.0  -999.0  -999.0  -999.0  -999.0  -999.0    12.0
2021 210  -999.0    15.0  -999.0    17.0  -999.0    15.0  -999.0  -999.0    19.0    13.0    17.0    19.0  -999.0  -999.0  -999.0    15.0  -999.0    17.0    13.0  -999.0  -999.0  -999.0  -999.0  -999.0    15.0
2021 211  -999.0    16.0  -999.0    22.0  -999.0    16.0  -999.0  -999.0    14.0    21.0    16.0    21.0  -999.0  -999.0  -999.0    15.0  -999.0    16.0    14.0  -999.0  -999.0  -999.0  -999.0  -999.0    15.0
2021 212  -999.0    15.0  -999.0    18.0  -999.0    17.0  -999.0  -999.0  -999.0    17.0    16.0    19.0  -999.0  -999.0  -999.0    10.0  -999.0    16.0    13.0  -999.0  -999.0  -999.0  -999.0  -999.0    13.0
2021 213  -999.0     7.0  -999.0    11.0  -999.0    14.0  -999.0  -999.0  -999.0    11.0    10.0    16.0  -999.0  -999.0  -999.0     8.0  -999.0    10.0    11.0  -999.0  -999.0  -999.0  -999.0  -999.0    11.0
2021 214  -999.0     4.0  -999.0     6.0  -999.0    10.0  -999.0  -999.0  -999.0     7.0     7.0     8.0  -999.0  -999.0  -999.0     6.0  -999.0     6.0     6.0  -999.0  -999.0  -999.0  -999.0  -999.0     6.0
2021 215  -999.0     5.0  -999.0     6.0  -999.0     7.0  -999.0  -999.0  -999.0     7.0     8.0     8.0  -999.0  -999.0  -999.0     6.0  -999.0     5.0     6.0  -999.0  -999.0  -999.0  -999.0  -999.0     5.0
2021 216  -999.0     8.0  -999.0    10.0  -999.0    12.0  -999.0  -999.0     9.0    11.0    11.0    12.0  -999.0  -999.0  -999.0    10.0  -999.0     9.0     8.0  -999.0  -999.0  -999.0  -999.0  -999.0     8.0
2021 217  -999.0     6.0  -999.0     7.0  -999.0     8.0  -999.0  -999.0     6.0     7.0     6.0     8.0  -999.0  -999.0  -999.0     6.0  -999.0     5.0     6.0  -999.0  -999.0  -999.0  -999.0  -999.0     7.0
2021 218  -999.0     5.0  -999.0     9.0  -999.0    10.0  -999.0  -999.0     6.0     6.0     7.0     7.0  -999.0  -999.0  -999.0     5.0  -999.0     6.0     7.0  -999.0  -999.0  -999.0  -999.0  -999.0     6.0
2021 219  -999.0     5.0  -999.0    10.0  -999.0     7.0  -999.0  -999.0     7.0     8.0     8.0     8.0  -999.0  -999.0  -999.0     7.0  -999.0     6.0     8.0  -999.0  -999.0  -999.0  -999.0  -999.0     8.0
2021 220  -999.0     9.0  -999.0    11.0  -999.0     9.0  -999.0  -999.0     8.0    11.0     9.0    10.0  -999.0  -999.0  -999.0     8.0  -999.0    12.0     8.0  -999.0  -999.0  -999.0  -999.0  -999.0     8.0
2021 221  -999.0    11.0  -999.0    11.0  -999.0    12.0  -999.0  -999.0     6.0  -999.0    10.0    11.0  -999.0  -999.0  -999.0    12.0  -999.0    12.0     9.0  -999.0  -999.0  -999.0  -999.0  -999.0     9.0
2021 222  -999.0    12.0  -999.0    15.0  -999.0    14.0  -999.0  -999.0    10.0    40.0    10.0    14.0  -999.0  -999.0  -999.0    10.0  -999.0     9.0    11.0  -999.0  -999.0  -999.0  -999.0  -999.0    13.0
2021 223  -999.0    16.0  -999.0    12.0  -999.0    15.0  -999.0  -999.0    11.0    14.0    13.0    16.0  -999.0  -999.0  -999.0    15.0  -999.0    17.0    12.0  -999.0  -999.0  -999.0  -999.0  -999.0    12.0
2021 224  -999.0    17.0  -999.0    16.0  -999.0    17.0  -999.0  -999.0    14.0    15.0    16.0    17.0  -999.0  -999.0  -999.0    17.0  -999.0    18.0    17.0  -999.0  -999.0  -999.0  -999.0  -999.0    16.0
2021 225  -999.0    18.0  -999.0    20.0  -999.0    19.0  -999.0  -999.0    33.0    18.0    17.0    28.0  -999.0  -999.0  -999.0    18.0  -999.0    18.0    18.0  -999.0  -999.0  -999.0  -999.0  -999.0    12.0
2021 226  -999.0    17.0  -999.0    16.0  -999.0    17.0  -999.0  -999.0    16.0    19.0    16.0    19.0  -999.0  -999.0  -999.0    19.0  -999.0    17.0    15.0  -999.0  -999.0  -999.0  -999.0  -999.0    15.0
2021 227  -999.0    15.0  -999.0    17.0  -999.0    16.0  -999.0  -999.0    17.0    13.0    13.0    21.0  -999.0  -999.0  -999.0    13.0  -999.0    15.0    14.0  -999.0  -999.0  -999.0  -999.0  -999.0    14.0
2021 228  -999.0    13.0  -999.0    12.0  -999.0    15.0  -999.0  -999.0    13.0    16.0    14.0    16.0  -999.0  -999.0  -999.0    12.0  -999.0    16.0    13.0  -999.0  -999.0  -999.0  -999.0  -999.0    10.0
2021 229  -999.0    11.0  -999.0     8.0  -999.0    12.0  -999.0  -999.0     9.0    10.0    12.0    10.0  -999.0  -999.0  -999.0     9.0  -999.0    11.0    12.0  -999.0  -999.0  -999.0  -999.0  -999.0    12.0
2021 230  -999.0    18.0  -999.0    19.0  -999.0    15.0  -999.0  -999.0    12.0    21.0    17.0    16.0  -999.0  -999.0  -999.0    16.0  -999.0    20.0    18.0  -999.0  -999.0  -999.0  -999.0  -999.0    18.0
2021 231  -999.0    14.0  -999.0    12.0  -999.0    14.0  -999.0  -999.0    12.0    10.0    14.0    12.0  -999.0  -999.0  -999.0    13.0  -999.0    14.0    13.0  -999.0  -999.0  -999.0  -999.0  -999.0    12.0
2021 232  -999.0    14.0  -999.0    13.0  -999.0    11.0  -999.0  -999.0     8.0    12.0    12.0    11.0  -999.0  -999.0  -999.0    15.0  -999.0    13.0    12.0  -999.0  -999.0  -999.0  -999.0  -999.0    12.0
2021 233  -999.0    12.0  -999.0    15.0  -999.0    12.0  -999.0  -999.0    10.0    11.0    12.0    13.0  -999.0  -999.0  -999.0    13.0  -999.0    10.0    10.0  -999.0  -999.0  -999.0  -999.0  -999.0     9.0
2021 234  -999.0    12.0  -999.0    12.0  -999.0    12.0  -999.0  -999.0     9.0    10.0    10.0    11.0  -999.0  -999.0  -999.0    11.0  -999.0    12.0    11.0  -999.0  -999.0  -999.0  -999.0  -999.0    11.0
2021 235  -999.0    11.0  -999.0    12.0  -999.0    10.0  -999.0  -999.0     8.0     9.0    10.0     9.0  -999.0  -999.0  -999.0     9.0  -999.0    10.0    10.0  -999.0  -999.0  -999.0  -999.0  -999.0     9.0
2021 236  -999.0     6.0  -999.0     9.0  -999.0    10.0  -999.0  -999.0     8.0    12.0    10.0     8.0  -999.0  -999.0  -999.0     8.0  -999.0     9.0     9.0  -999.0  -999.0  -999.0  -999.0  -999.0    10.0
2021 237  -999.0     8.0  -999.0     9.0  -999.0     8.0  -999.0  -999.0     8.0     8.0     8.0     8.0  -999.0  -999.0  -999.0     7.0  -999.0     7.0     7.0  -999.0  -999.0  -999.0  -999.0  -999.0     8.0
2021 238  -999.0     6.0  -999.0     8.0  -999.0    10.0  -999.0  -999.0     8.0     7.0     8.0     8.0  -999.0  -999.0  -999.0     6.0  -999.0     6.0     8.0  -999.0  -999.0  -999.0  -999.0  -999.0     7.0
2021 239  -999.0     8.0  -999.0    11.0  -999.0     8.0  -999.0  -999.0     7.0     9.0     9.0     8.0  -999.0  -999.0  -999.0     8.0  -999.0     8.0     8.0  -999.0  -999.0  -999.0  -999.0  -999.0     8.0
2021 240  -999.0     4.0  -999.0    12.0  -999.0     8.0  -999.0  -999.0     6.0     4.0     7.0     6.0  -999.0  -999.0  -999.0     4.0  -999.0     7.0     7.0  -999.0  -999.0  -999.0  -999.0  -999.0     7.0
2021 241  -999.0     1.0  -999.0     4.0  -999.0     6.0  -999.0  -999.0     4.0     4.0     6.0     5.0  -999.0  -999.0  -999.0     3.0  -999.0     2.0     4.0  -999.0  -999.0  -999.0  -999.0  -999.0     6.0
2021 242  -999.0     6.0  -999.0     9.0  -999.0     5.0  -999.0  -999.0     5.0     5.0     5.0     7.0  -999.0  -999.0  -999.0     6.0  -999.0     7.0     5.0  -999.0  -999.0  -999.0  -999.0  -999.0     7.0
2021 243  -999.0     9.0  -999.0    14.0  -999.0  -999.0  -999.0  -999.0     7.0     6.0     7.0     5.0  -999.0  -999.0  -999.0    10.0  -999.0     7.0     7.0  -999.0  -999.0  -999.0  -999.0  -999.0  -999.0
2021 244  -999.0    11.0  -999.0     7.0  -999.0    12.0  -999.0  -999.0     5.0     8.0     8.0     7.0  -999.0  -999.0  -999.0    11.0  -999.0     7.0     7.0  -999.0  -999.0  -999.0  -999.0  -999.0  -999.0
2021 245  -999.0    12.0  -999.0     8.0  -999.0     8.0  -999.0  -999.0     8.0     9.0     8.0     8.0  -999.0  -999.0  -999.0    10.0  -999.0    10.0     8.0  -999.0  -999.0  -999.0  -999.0  -999.0     8.0
2021 246  -999.0     9.0  -999.0    10.0  -999.0    11.0  -999.0  -999.0     9.0     8.0    12.0    11.0  -999.0  -999.0  -999.0    10.0  -999.0     9.0    11.0  -999.0  -999.0  -999.0  -999.0  -999.0    13.0
2021 247  -999.0    11.0  -999.0    13.0  -999.0    14.0  -999.0  -999.0     9.0    12.0    10.0    10.0  -999.0  -999.0  -999.0    10.0  -999.0    11.0    11.0  -999.0  -999.0  -999.0  -999.0  -999.0    12.0
2021 248  -999.0    11.0  -999.0    11.0  -999.0     9.0  -999.0  -999.0     8.0     9.0     9.0     8.0  -999.0  -999.0  -999.0     7.0  -999.0     8.0     9.0  -999.0  -999.0  -999.0  -999.0  -999.0    11.0
2021 249  -999.0    10.0  -999.0    11.0  -999.0    10.0  -999.0  -999.0     8.0    10.0    11.0    11.0  -999.0  -999.0  -999.0    10.0  -999.0    11.0    10.0  -999.0  -999.0  -999.0  -999.0  -999.0    10.0
2021 250  -999.0    16.0  -999.0    18.0  -999.0    18.0  -999.0  -999.0    20.0    16.0    15.0    16.0  -999.0  -999.0  -999.0    15.0  -999.0    15.0    15.0  -999.0  -999.0  -999.0  -999.0  -999.0    15.0
2021 251  -999.0    16.0  -999.0    16.0  -999.0    20.0  -999.0  -999.0    20.0    18.0    17.0    16.0  -999.0  -999.0  -999.0    17.0  -999.0  -999.0    16.0  -999.0  -999.0  -999.0  -999.0  -999.0    17.0
2021 252  -999.0    13.0  -999.0    14.0  -999.0    15.0  -999.0  -999.0    14.0    12.0    14.0    13.0  -999.0  -999.0  -999.0    13.0  -999.0  -999.0    12.0  -999.0  -999.0  -999.0  -999.0  -999.0    15.0
2021 253  -999.0    17.0  -999.0    16.0  -999.0    17.0  -999.0  -999.0    17.0    16.0    17.0    15.0  -999.0  -999.0  -999.0    14.0  -999.0    18.0    15.0  -999.0  -999.0  -999.0  -999.0  -999.0    17.0
2021 254  -999.0    15.0  -999.0    18.0  -999.0    18.0  -999.0  -999.0    15.0    17.0    15.0    15.0  -999.0  -999.0  -999.0    14.0  -999.0    15.0    14.0  -999.0  -999.0  -999.0  -999.0  -999.0    14.0
2021 255  -999.0    14.0  -999.0    17.0  -999.0    18.0  -999.0  -999.0    13.0    14.0    14.0    14.0  -999.0  -999.0  -999.0    16.0  -999.0    15.0    13.0  -999.0  -999.0  -999.0  -999.0  -999.0    14.0
2021 256  -999.0    16.0  -999.0    16.0  -999.0    15.0  -999.0  -999.0    13.0    15.0    15.0    14.0  -999.0  -999.0  -999.0    15.0  -999.0    16.0    14.0  -999.0  -999.0  -999.0  -999.0  -999.0    14.0
2021 257  -999.0    14.0  -999.0    11.0  -999.0  -999.0  -999.0  -999.0    14.0    14.0    13.0    13.0  -999.0  -999.0  -999.0    14.0  -999.0    16.0    13.0  -999.0  -999.0  -999.0  -999.0  -999.0    12.0
2021 258  -999.0    17.0  -999.0    14.0  -999.0    12.0  -999.0  -999.0    12.0    11.0  -999.0    12.0  -999.0  -999.0  -999.0    13.0  -999.0    14.0    10.0  -999.0  -999.0  -999.0  -999.0  -999.0    11.0
2021 259  -999.0    15.0  -999.0    12.0  -999.0    14.0  -999.0  -999.0    12.0    14.0  -999.0    12.0  -999.0  -999.0  -999.0    11.0  -999.0    12.0     9.0  -999.0  -999.0  -999.0  -999.0  -999.0    10.0
2021 260  -999.0    15.0  -999.0    11.0  -999.0    12.0  -999.0  -999.0     7.0    10.0     9.0    11.0  -999.0  -999.0  -999.0    13.0  -999.0    13.0    10.0  -999.0  -999.0  -999.0  -999.0  -999.0    10.0
2021 261  -999.0     9.0  -999.0     7.0  -999.0     7.0  -999.0  -999.0     7.0     4.0     4.0     8.0  -999.0  -999.0  -999.0    11.0  -999.0     9.0     9.0  -999.0  -999.0  -999.0  -999.0  -999.0     5.0
2021 262  -999.0     4.0  -999.0     6.0  -999.0     8.0  -999.0  -999.0     5.0     7.0     7.0     5.0  -999.0  -999.0  -999.0     5.0  -999.0     6.0     7.0  -999.0  -999.0  -999.0  -999.0  -999.0     6.0
2021 263  -999.0     7.0  -999.0     5.0  -999.0     6.0  -999.0  -999.0     4.0     5.0     6.0     6.0  -999.0  -999.0  -999.0     6.0  -999.0     6.0     4.0  -999.0  -999.0  -999.0  -999.0  -999.0     5.0
2021 264  -999.0     7.0  -999.0     6.0  -999.0     6.0  -999.0  -999.0     5.0     3.0     5.0     7.0  -999.0  -999.0  -999.0     7.0  -999.0     5.0     5.0  -999.0  -999.0  -999.0  -999.0  -999.0     5.0
2021 265  -999.0     7.0  -999.0     7.0  -999.0     7.0  -999.0  -999.0     7.0     7.0     7.0     6.0  -999.0  -999.0  -999.0     9.0  -999.0     5.0     5.0  -999.0  -999.0  -999.0  -999.0  -999.0     6.0
2021 266  -999.0     8.0  -999.0     7.0  -999.0     9.0  -999.0  -999.0     6.0     7.0     7.0     7.0  -999.0  -999.0  -999.0     9.0  -999.0    10.0     6.0  -999.0  -999.0  -999.0  -999.0  -999.0     7.0
2021 267  -999.0     9.0  -999.0     8.0  -999.0    10.0  -999.0  -999.0     7.0     8.0     7.0     8.0  -999.0  -999.0  -999.0    11.0  -999.0     6.0     8.0  -999.0  -999.0  -999.0  -999.0  -999.0    10.0
2021 268  -999.0    14.0  -999.0    11.0  -999.0    13.0  -999.0  -999.0     7.0    11.0    10.0     9.0  -999.0  -999.0  -999.0    11.0  -999.0    12.0    10.0  -999.0  -999.0  -999.0  -999.0  -999.0    11.0
2021 269  -999.0    12.0  -999.0    13.0  -999.0    15.0  -999.0  -999.0     9.0    11.0     9.0    10.0  -999.0  -999.0  -999.0     9.0  -999.0    11.0    10.0  -999.0  -999.0  -999.0  -999.0  -999.0     9.0
2021 270  -999.0    13.0  -999.0    13.0  -999.0    18.0  -999.0  -999.0     8.0    16.0    10.0    11.0  -999.0  -999.0  -999.0    11.0  -999.0     9.0     8.0  -999.0  -999.0  -999.0  -999.0  -999.0     9.0
2021 271  -999.0    19.0  -999.0    18.0  -999.0    21.0  -999.0  -999.0    22.0    19.0    21.0    19.0  -999.0  -999.0  -999.0    21.0  -999.0  -999.0    18.0  -999.0  -999.0  -999.0  -999.0  -999.0    23.0
2021 272  -999.0    19.0  -999.0    19.0  -999.0    24.0  -999.0  -999.0    18.0    20.0    17.0    19.0  -999.0  -999.0  -999.0    21.0  -999.0  -999.0    16.0  -999.0  -999.0  -999.0  -999.0  -999.0    19.0
2021 273  -999.0    12.0  -999.0    13.0  -999.0    21.0  -999.0  -999.0    12.0    10.0    11.0    13.0  -999.0  -999.0  -999.0    13.0  -999.0    14.0    10.0  -999.0  -999.0  -999.0  -999.0  -999.0    12.0
2021 274  -999.0    13.0  -999.0    14.0  -999.0    17.0  -999.0  -999.0    12.0    13.0    12.0    13.0  -999.0  -999.0  -999.0    12.0  -999.0    14.0    11.0  -999.0  -999.0  -999.0  -999.0  -999.0    14.0
2021 275  -999.0    14.0  -999.0    14.0  -999.0    16.0  -999.0  -999.0    13.0    14.0    11.0    15.0  -999.0  -999.0  -999.0    13.0  -999.0    14.0    69.0  -999.0  -999.0  -999.0  -999.0  -999.0    12.0
2021 276  -999.0    10.0  -999.0    10.0  -999.0    12.0  -999.0  -999.0     9.0    11.0     8.0    11.0  -999.0  -999.0  -999.0     9.0  -999.0    12.0     8.0  -999.0  -999.0  -999.0  -999.0  -999.0     7.0
2021 277  -999.0     7.0  -999.0    12.0  -999.0    11.0  -999.0  -999.0     9.0    10.0     6.0    11.0  -999.0  -999.0  -999.0     8.0  -999.0     2.0     9.0  -999.0  -999.0  -999.0  -999.0  -999.0     8.0
2021 278  -999.0     9.0  -999.0     8.0  -999.0     8.0  -999.0  -999.0     6.0     6.0     3.0     5.0  -999.0  -999.0  -999.0     8.0  -999.0    15.0     4.0  -999.0  -999.0  -999.0  -999.0  -999.0     4.0
2021 279  -999.0     3.0  -999.0     6.0  -999.0     7.0  -999.0  -999.0     4.0     3.0     3.0     5.0  -999.0  -999.0  -999.0     4.0  -999.0     5.0     4.0  -999.0  -999.0  -999.0  -999.0  -999.0     5.0
2021 280  -999.0  -999.0  -999.0     3.0  -999.0     6.0  -999.0  -999.0     3.0     2.0     7.0     3.0  -999.0  -999.0  -999.0  -999.0  -999.0     4.0     3.0  -999.0  -999.0  -999.0  -999.0  -999.0     3.0
2021 281  -999.0     2.0  -999.0     7.0  -999.0     6.0  -999.0  -999.0     5.0     4.0  -999.0     4.0  -999.0  -999.0  -999.0     2.0  -999.0     5.0     4.0  -999.0  -999.0  -999.0  -999.0  -999.0     3.0
2021 282  -999.0     3.0  -999.0     5.0  -999.0     9.0  -999.0  -999.0     7.0     7.0     3.0     4.0  -999.0  -999.0  -999.0     3.0  -999.0     5.0     4.0  -999.0  -999.0  -999.0  -999.0  -999.0     4.0
2021 283  -999.0     6.0  -999.0     4.0  -999.0     5.0  -999.0  -999.0     5.0     5.0     3.0     4.0  -999.0  -999.0  -999.0     4.0  -999.0     4.0     5.0  -999.0  -999.0  -999.0  -999.0  -999.0     4.0
2021 284  -999.0     8.0  -999.0     6.0  -999.0     6.0  -999.0  -999.0     4.0     4.0     5.0     4.0  -999.0  -999.0  -999.0     7.0  -999.0     5.0     5.0  -999.0  -999.0  -999.0  -999.0  -999.0     5.0
2021 285  -999.0     8.0  -999.0    13.0  -999.0    12.0  -999.0  -999.0     9.0     7.0     8.0     8.0  -999.0  -999.0  -999.0     8.0  -999.0    10.0     9.0  -999.0  -999.0  -999.0  -999.0  -999.0     7.0
2021 286  -999.0     9.0  -999.0     9.0  -999.0    13.0  -999.0  -999.0     7.0     9.0     6.0     7.0  -999.0  -999.0  -999.0     8.0  -999.0    10.0     7.0  -999.0  -999.0  -999.0  -999.0  -999.0     7.0
2021 287  -999.0     5.0  -999.0     6.0  -999.0     8.0  -999.0  -999.0     2.0     6.0     5.0     5.0  -999.0  -999.0  -999.0     4.0  -999.0     7.0     4.0  -999.0  -999.0  -999.0  -999.0  -999.0     4.0
2021 288  -999.0     6.0  -999.0     5.0  -999.0     9.0  -999.0  -999.0     6.0     6.0     5.0     5.0  -999.0  -999.0  -999.0     3.0  -999.0     6.0     4.0  -999.0  -999.0  -999.0  -999.0  -999.0     4.0
2021 289  -999.0    10.0  -999.0    14.0  -999.0    17.0  -999.0  -999.0     9.0     7.0     9.0    10.0  -999.0  -999.0  -999.0  -999.0  -999.0    11.0     7.0  -999.0  -999.0  -999.0  -999.0  -999.0     8.0
2021 290  -999.0    13.0  -999.0    15.0  -999.0    25.0  -999.0  -999.0    13.0    11.0     8.0    11.0  -999.0  -999.0  -999.0    14.0  -999.0    13.0    10.0  -999.0  -999.0  -999.0  -999.0  -999.0    10.0
2021 291  -999.0    17.0  -999.0    14.0  -999.0    20.0  -999.0  -999.0    11.0    12.0    11.0    10.0  -999.0  -999.0  -999.0    16.0  -999.0    15.0    12.0  -999.0  -999.0  -999.0  -999.0  -999.0    12.0
2021 292  -999.0    17.0  -999.0    14.0  -999.0    19.0  -999.0  -999.0    13.0    13.0    10.0    12.0  -999.0  -999.0  -999.0    15.0  -999.0    16.0    11.0  -999.0  -999.0  -999.0  -999.0  -999.0    14.0
2021 293  -999.0    18.0  -999.0    17.0  -999.0    25.0  -999.0  -999.0    10.0    13.0    14.0    13.0  -999.0  -999.0  -999.0    17.0  -999.0    16.0    15.0  -999.0  -999.0  -999.0  -999.0  -999.0    15.0
2021 294  -999.0    14.0  -999.0    14.0  -999.0    25.0  -999.0  -999.0    10.0     8.0     9.0    14.0  -999.0  -999.0  -999.0  -999.0  -999.0    26.0     9.0  -999.0  -999.0  -999.0  -999.0  -999.0     8.0
2021 295  -999.0    13.0  -999.0    17.0  -999.0    21.0  -999.0  -999.0    11.0    11.0     8.0    12.0  -999.0  -999.0  -999.0    11.0  -999.0    11.0     8.0  -999.0  -999.0  -999.0  -999.0  -999.0     7.0
2021 296  -999.0    12.0  -999.0    14.0  -999.0    20.0  -999.0  -999.0    12.0    11.0    11.0    11.0  -999.0  -999.0  -999.0    12.0  -999.0    15.0    13.0  -999.0  -999.0  -999.0  -999.0  -999.0    13.0
2021 297  -999.0     6.0  -999.0     7.0  -999.0    14.0  -999.0  -999.0     9.0     9.0     6.0    10.0  -999.0  -999.0  -999.0     5.0  -999.0     5.0     6.0  -999.0  -999.0  -999.0  -999.0  -999.0     7.0
2021 298  -999.0    10.0  -999.0    10.0  -999.0    15.0  -999.0  -999.0    10.0     8.0     8.0     9.0  -999.0  -999.0  -999.0    11.0  -999.0    10.0     8.0  -999.0  -999.0  -999.0  -999.0  -999.0     8.0
2021 299  -999.0    15.0  -999.0    14.0  -999.0    16.0  -999.0  -999.0    14.0    14.0    13.0    13.0  -999.0  -999.0  -999.0    16.0  -999.0    15.0    14.0  -999.0  -999.0  -999.0  -999.0  -999.0    13.0
2021 300  -999.0    12.0  -999.0    14.0  -999.0    16.0  -999.0  -999.0    12.0     8.0  -999.0    12.0  -999.0  -999.0  -999.0    12.0  -999.0    11.0    10.0  -999.0  -999.0  -999.0  -999.0  -999.0    11.0
2021 301  -999.0    13.0  -999.0    16.0  -999.0    23.0  -999.0  -999.0    13.0    13.0    13.0    12.0  -999.0  -999.0  -999.0    16.0  -999.0    14.0    12.0  -999.0  -999.0  -999.0  -999.0  -999.0    13.0
2021 302  -999.0    18.0  -999.0    22.0  -999.0    26.0  -999.0  -999.0    16.0    17.0    16.0    16.0  -999.0  -999.0  -999.0    20.0  -999.0    18.0    19.0  -999.0  -999.0  -999.0  -999.0  -999.0    22.0
2021 303  -999.0    20.0  -999.0    21.0  -999.0    28.0  -999.0  -999.0    16.0    18.0    21.0    17.0  -999.0  -999.0  -999.0    22.0  -999.0    21.0    21.0  -999.0  -999.0  -999.0  -999.0  -999.0    21.0
2021 304  -999.0    20.0  -999.0    19.0  -999.0    31.0  -999.0  -999.0    18.0    19.0    15.0    14.0  -999.0  -999.0  -999.0    16.0  -999.0    19.0    13.0  -999.0  -999.0  -999.0  -999.0  -999.0    14.0
2021 305  -999.0     5.0  -999.0    10.0  -999.0    11.0  -999.0  -999.0     9.0     8.0     3.0     9.0  -999.0  -999.0  -999.0     5.0  -999.0     9.0     7.0  -999.0  -999.0  -999.0  -999.0  -999.0     4.0
2021 306  -999.0     5.0  -999.0     6.0  -999.0     9.0  -999.0  -999.0     4.0     1.0     3.0     6.0  -999.0  -999.0  -999.0     3.0  -999.0     5.0     5.0  -999.0  -999.0  -999.0  -999.0  -999.0     5.0
2021 307  -999.0     4.0  -999.0     4.0  -999.0     8.0  -999.0  -999.0     2.0     4.0     3.0     4.0  -999.0  -999.0  -999.0     2.0  -999.0     4.0     4.0  -999.0  -999.0  -999.0  -999.0  -999.0     4.0
2021 308  -999.0     5.0  -999.0     8.0  -999.0  -999.0  -999.0  -999.0     6.0     4.0     7.0     6.0  -999.0  -999.0  -999.0     6.0  -999.0     6.0     6.0  -999.0  -999.0  -999.0  -999.0  -999.0     7.0
2021 309  -999.0    15.0  -999.0    12.0  -999.0    20.0  -999.0  -999.0    11.0    13.0     7.0     9.0  -999.0  -999.0  -999.0    13.0  -999.0    13.0    10.0  -999.0  -999.0  -999.0  -999.0  -999.0    10.0
2021 310  -999.0    11.0  -999.0     8.0  -999.0    14.0  -999.0  -999.0    10.0     7.0     5.0     8.0  -999.0  -999.0  -999.0    10.0  -999.0     8.0     6.0  -999.0  -999.0  -999.0  -999.0  -999.0     7.0
2021 311  -999.0     8.0  -999.0     7.0  -999.0    11.0  -999.0  -999.0     7.0     5.0     5.0     8.0  -999.0  -999.0  -999.0     9.0  -999.0     9.0     6.0  -999.0  -999.0  -999.0  -999.0  -999.0     6.0
2021 312  -999.0    10.0  -999.0    13.0  -999.0    13.0  -999.0  -999.0    10.0    14.0     6.0     9.0  -999.0  -999.0  -999.0     9.0  -999.0    11.0     9.0  -999.0  -999.0  -999.0  -999.0  -999.0     7.0
2021 313  -999.0     7.0  -999.0     9.0  -999.0    18.0  -999.0  -999.0     6.0     5.0     5.0     5.0  -999.0  -999.0  -999.0     7.0  -999.0     8.0     7.0  -999.0  -999.0  -999.0  -999.0  -999.0     8.0
2021 314  -999.0    12.0  -999.0     9.0  -999.0    10.0  -999.0  -999.0     9.0     7.0     6.0     7.0  -999.0  -999.0  -999.0     9.0  -999.0     9.0     6.0  -999.0  -999.0  -999.0  -999.0  -999.0     8.0
2021 315  -999.0    11.0  -999.0    13.0  -999.0    20.0  -999.0  -999.0    12.0    11.0    10.0    14.0  -999.0  -999.0  -999.0    12.0  -999.0    13.0    12.0  -999.0  -999.0  -999.0  -999.0  -999.0    11.0
2021 316  -999.0    13.0  -999.0    10.0  -999.0    21.0  -999.0  -999.0    14.0    12.0    10.0    12.0  -999.0  -999.0  -999.0    16.0  -999.0    14.0    14.0  -999.0  -999.0  -999.0  -999.0  -999.0    12.0
2021 317  -999.0    14.0  -999.0    17.0  -999.0    33.0  -999.0  -999.0    12.0    14.0    14.0    13.0  -999.0  -999.0  -999.0    15.0  -999.0    17.0    21.0  -999.0  -999.0  -999.0  -999.0  -999.0    19.0
2021 318  -999.0    12.0  -999.0    13.0  -999.0    19.0  -999.0  -999.0    11.0    16.0    10.0    11.0  -999.0  -999.0  -999.0    11.0  -999.0    16.0    12.0  -999.0  -999.0  -999.0  -999.0  -999.0    14.0
2021 319  -999.0    10.0  -999.0    14.0  -999.0    21.0  -999.0  -999.0    11.0    11.0     9.0  -999.0  -999.0  -999.0  -999.0    11.0  -999.0    12.0    11.0  -999.0  -999.0  -999.0  -999.0  -999.0     8.0
2021 320  -999.0     9.0  -999.0    12.0  -999.0    17.0  -999.0  -999.0    11.0    11.0     8.0    12.0  -999.0  -999.0  -999.0     9.0  -999.0    13.0    10.0  -999.0  -999.0  -999.0  -999.0  -999.0     9.0
2021 321  -999.0    13.0  -999.0    12.0  -999.0    28.0  -999.0  -999.0    13.0    12.0     8.0    11.0  -999.0  -999.0  -999.0    15.0  -999.0    14.0    12.0  -999.0  -999.0  -999.0  -999.0  -999.0    12.0
2021 322  -999.0    15.0  -999.0    14.0  -999.0    29.0  -999.0  -999.0    17.0    11.0     9.0    14.0  -999.0  -999.0  -999.0    14.0  -999.0    14.0    11.0  -999.0  -999.0  -999.0  -999.0  -999.0    10.0
2021 323  -999.0    18.0  -999.0    17.0  -999.0    28.0  -999.0  -999.0    18.0    15.0    13.0    14.0  -999.0  -999.0  -999.0    18.0  -999.0    17.0    17.0  -999.0  -999.0  -999.0  -999.0  -999.0    14.0
2021 324  -999.0    22.0  -999.0    24.0  -999.0    43.0  -999.0  -999.0    20.0    22.0    20.0    20.0  -999.0  -999.0  -999.0    23.0  -999.0    22.0    25.0  -999.0  -999.0  -999.0  -999.0  -999.0    26.0
2021 325  -999.0    20.0  -999.0    29.0  -999.0    49.0  -999.0  -999.0    22.0    21.0    22.0    26.0  -999.0  -999.0  -999.0    22.0  -999.0    22.0    30.0  -999.0  -999.0  -999.0  -999.0  -999.0    33.0
2021 326  -999.0    16.0  -999.0    15.0  -999.0    24.0  -999.0  -999.0    21.0    17.0    14.0    15.0  -999.0  -999.0  -999.0    15.0  -999.0    19.0    17.0  -999.0  -999.0  -999.0  -999.0  -999.0    10.0
2021 327  -999.0    11.0  -999.0    10.0  -999.0    29.0  -999.0  -999.0    16.0    13.0     8.0    14.0  -999.0  -999.0  -999.0     9.0  -999.0    12.0     9.0  -999.0  -999.0  -999.0  -999.0  -999.0     8.0
2021 328  -999.0     9.0  -999.0     6.0  -999.0    20.0  -999.0  -999.0    14.0     7.0     8.0    11.0  -999.0  -999.0  -999.0     8.0  -999.0     8.0     9.0  -999.0  -999.0  -999.0  -999.0  -999.0    10.0
2021 329  -999.0     7.0  -999.0     7.0  -999.0    11.0  -999.0  -999.0    10.0     7.0     7.0    11.0  -999.0  -999.0  -999.0     8.0  -999.0     7.0     8.0  -999.0  -999.0  -999.0  -999.0  -999.0     5.0
2021 330  -999.0     8.0  -999.0    11.0  -999.0    15.0  -999.0  -999.0     8.0     7.0  -999.0    10.0  -999.0  -999.0  -999.0     7.0  -999.0     9.0     9.0  -999.0  -999.0  -999.0  -999.0  -999.0     6.0
2021 331  -999.0     3.0  -999.0     5.0  -999.0    18.0  -999.0  -999.0     7.0     6.0  -999.0     9.0  -999.0  -999.0  -999.0     1.0  -999.0     6.0     7.0  -999.0  -999.0  -999.0  -999.0  -999.0     3.0
2021 332  -999.0     3.0  -999.0     4.0  -999.0    13.0  -999.0  -999.0     8.0     5.0  -999.0     9.0  -999.0  -999.0  -999.0  -999.0  -999.0     4.0     3.0  -999.0  -999.0  -999.0  -999.0  -999.0     4.0
2021 333  -999.0    10.0  -999.0     5.0  -999.0     9.0  -999.0  -999.0     7.0     8.0  -999.0     8.0  -999.0  -999.0  -999.0     7.0  -999.0     7.0     5.0  -999.0  -999.0  -999.0  -999.0  -999.0     5.0
2021 334  -999.0    17.0  -999.0    18.0  -999.0    25.0  -999.0  -999.0    10.0     9.0     8.0    13.0  -999.0  -999.0  -999.0    17.0  -999.0    12.0    17.0  -999.0  -999.0  -999.0  -999.0  -999.0    13.0
2021 335  -999.0    15.0  -999.0     8.0  -999.0    37.0  -999.0  -999.0     7.0    11.0     5.0    11.0  -999.0  -999.0  -999.0    14.0  -999.0    10.0     7.0  -999.0  -999.0  -999.0  -999.0  -999.0     8.0
2021 336  -999.0    10.0  -999.0     5.0  -999.0    13.0  -999.0  -999.0     6.0     5.0     2.0    10.0  -999.0  -999.0  -999.0     7.0  -999.0     3.0     4.0  -999.0  -999.0  -999.0  -999.0  -999.0     3.0
2021 337  -999.0     5.0  -999.0     7.0  -999.0    16.0  -999.0  -999.0     8.0     5.0     5.0     8.0  -999.0  -999.0  -999.0     6.0  -999.0    11.0     6.0  -999.0  -999.0  -999.0  -999.0  -999.0     8.0
2021 338  -999.0     5.0  -999.0     8.0  -999.0    25.0  -999.0  -999.0    10.0    11.0     4.0    12.0  -999.0  -999.0  -999.0     3.0  -999.0     8.0     6.0  -999.0  -999.0  -999.0  -999.0  -999.0     6.0
2021 339  -999.0     5.0  -999.0     6.0  -999.0    13.0  -999.0  -999.0     4.0     6.0     6.0     5.0  -999.0  -999.0  -999.0     4.0  -999.0     8.0     8.0  -999.0  -999.0  -999.0  -999.0  -999.0     7.0
2021 340  -999.0    11.0  -999.0  -999.0  -999.0    15.0  -999.0  -999.0     9.0     9.0     6.0     9.0  -999.0  -999.0  -999.0     9.0  -999.0    11.0     7.0  -999.0  -999.0  -999.0  -999.0  -999.0     6.0
2021 341  -999.0    14.0  -999.0    12.0  -999.0    19.0  -999.0  -999.0    15.0    11.0    30.0    14.0  -999.0  -999.0  -999.0    10.0  -999.0    12.0    15.0  -999.0  -999.0  -999.0  -999.0  -999.0     8.0
2021 342  -999.0    12.0  -999.0    14.0  -999.0    22.0  -999.0  -999.0     9.0    11.0    10.0    11.0  -999.0  -999.0  -999.0    10.0  -999.0    12.0     8.0  -999.0  -999.0  -999.0  -999.0  -999.0    12.0
2021 343  -999.0    10.0  -999.0     6.0  -999.0    12.0  -999.0  -999.0     8.0     7.0     6.0    10.0  -999.0  -999.0  -999.0     7.0  -999.0     8.0     7.0  -999.0  -999.0  -999.0  -999.0  -999.0     6.0
2021 344  -999.0    11.0  -999.0    14.0  -999.0    14.0  -999.0  -999.0     9.0    15.0     9.0    13.0  -999.0  -999.0  -999.0    11.0  -999.0    14.0    13.0  -999.0  -999.0  -999.0  -999.0  -999.0    11.0
2021 345  -999.0     2.0  -999.0     4.0  -999.0     9.0  -999.0  -999.0     5.0     5.0     3.0     4.0  -999.0  -999.0  -999.0     5.0  -999.0     7.0     4.0  -999.0  -999.0  -999.0  -999.0  -999.0     5.0
2021 346  -999.0    13.0  -999.0     6.0  -999.0    20.0  -999.0  -999.0     8.0     5.0     3.0     6.0  -999.0  -999.0  -999.0    11.0  -999.0    10.0     7.0  -999.0  -999.0  -999.0  -999.0  -999.0     5.0
2021 347  -999.0    21.0  -999.0    19.0  -999.0    33.0  -999.0  -999.0    19.0    14.0    10.0    21.0  -999.0  -999.0  -999.0    20.0  -999.0    18.0    20.0  -999.0  -999.0  -999.0  -999.0  -999.0    12.0
2021 348  -999.0    28.0  -999.0    22.0  -999.0    45.0  -999.0  -999.0    22.0    22.0     9.0    23.0  -999.0  -999.0  -999.0    30.0  -999.0    23.0    17.0  -999.0  -999.0  -999.0  -999.0  -999.0    19.0
2021 349  -999.0    23.0  -999.0    21.0  -999.0    47.0  -999.0  -999.0    23.0    15.0     9.0    27.0  -999.0  -999.0  -999.0    20.0  -999.0    19.0    16.0  -999.0  -999.0  -999.0  -999.0  -999.0    15.0
2021 350  -999.0    16.0  -999.0    21.0  -999.0  -999.0  -999.0  -999.0    24.0    17.0     9.0    24.0  -999.0  -999.0  -999.0    19.0  -999.0    19.0    13.0  -999.0  -999.0  -999.0  -999.0  -999.0    15.0
2021 351  -999.0    16.0  -999.0    27.0  -999.0  -999.0  -999.0  -999.0    22.0    16.0    11.0    23.0  -999.0  -999.0  -999.0    16.0  -999.0    16.0    17.0  -999.0  -999.0  -999.0  -999.0  -999.0    17.0
2021 352  -999.0    17.0  -999.0    15.0  -999.0    54.0  -999.0  -999.0    21.0    14.0     6.0    18.0  -999.0  -999.0  -999.0    14.0  -999.0    15.0    12.0  -999.0  -999.0  -999.0  -999.0  -999.0    14.0
2021 353  -999.0    15.0  -999.0    23.0  -999.0    34.0  -999.0  -999.0    23.0    14.0    12.0    25.0  -999.0  -999.0  -999.0    16.0  -999.0    18.0    20.0  -999.0  -999.0  -999.0  -999.0  -999.0    13.0
2021 354  -999.0    33.0  -999.0    38.0  -999.0    29.0  -999.0  -999.0    34.0    36.0    15.0    37.0  -999.0  -999.0  -999.0    32.0  -999.0    28.0    27.0  -999.0  -999.0  -999.0  -999.0  -999.0    36.0
2021 355  -999.0    25.0  -999.0    35.0  -999.0    77.0  -999.0  -999.0    20.0    32.0    26.0    30.0  -999.0  -999.0  -999.0  -999.0  -999.0    34.0    31.0  -999.0  -999.0  -999.0  -999.0  -999.0    34.0
2021 356  -999.0    26.0  -999.0    28.0  -999.0    72.0  -999.0  -999.0    30.0    33.0    26.0    26.0  -999.0  -999.0  -999.0    28.0  -999.0    41.0    29.0  -999.0  -999.0  -999.0  -999.0  -999.0    28.0
2021 357  -999.0    25.0  -999.0    24.0  -999.0    59.0  -999.0  -999.0    19.0    27.0    22.0    21.0  -999.0  -999.0  -999.0    28.0  -999.0    28.0    22.0  -999.0  -999.0  -999.0  -999.0  -999.0    27.0
2021 358  -999.0    24.0  -999.0    16.0  -999.0    55.0  -999.0  -999.0     9.0    23.0     9.0    24.0  -999.0  -999.0  -999.0    18.0  -999.0    20.0    10.0  -999.0  -999.0  -999.0  -999.0  -999.0     7.0
2021 359  -999.0     4.0  -999.0    10.0  -999.0    21.0  -999.0  -999.0     6.0     8.0     9.0    12.0  -999.0  -999.0  -999.0     4.0  -999.0    10.0     8.0  -999.0  -999.0  -999.0  -999.0  -999.0    11.0
2021 360  -999.0     1.0  -999.0     9.0  -999.0    25.0  -999.0  -999.0     8.0     3.0     5.0    10.0  -999.0  -999.0  -999.0     6.0  -999.0     7.0    11.0  -999.0  -999.0  -999.0  -999.0  -999.0     7.0
2021 361  -999.0    10.0  -999.0    21.0  -999.0    22.0  -999.0  -999.0    11.0    12.0    10.0    15.0  -999.0  -999.0  -999.0    10.0  -999.0    14.0    14.0  -999.0  -999.0  -999.0  -999.0  -999.0    18.0
2021 362  -999.0    12.0  -999.0    21.0  -999.0    17.0  -999.0  -999.0    15.0    13.0    10.0    18.0  -999.0  -999.0  -999.0    11.0  -999.0    13.0    15.0  -999.0  -999.0  -999.0  -999.0  -999.0    16.0
2021 363  -999.0    17.0  -999.0    18.0  -999.0    22.0  -999.0  -999.0    11.0    15.0    11.0    14.0  -999.0  -999.0  -999.0    16.0  -999.0    16.0    13.0  -999.0  -999.0  -999.0  -999.0  -999.0    15.0
2021 364  -999.0    19.0  -999.0    33.0  -999.0    38.0  -999.0  -999.0    22.0    16.0    12.0    24.0  -999.0  -999.0  -999.0    21.0  -999.0    19.0    19.0  -999.0  -999.0  -999.0  -999.0  -999.0    18.0
2021 365  -999.0    28.0  -999.0    28.0  -999.0    63.0  -999.0  -999.0    25.0    21.0    14.0    28.0  -999.0  -999.0  -999.0  -999.0  -999.0    27.0    17.0  -999.0  -999.0  -999.0  -999.0  -999.0    25.0
