anno  jd       2       3       5       8      10      11      14      15      16      39      40      41      45      47      48      49      55      56      57      60      83      84      85      86      87
2020   1   140.0    66.0    89.0   111.0    49.0   102.0     6.0    33.0    62.0    60.0    36.0    66.0   128.0    90.0    90.0    75.0   102.0    68.0    80.0    24.0    21.0  -999.0  -999.0    36.0    63.0
2020   2    76.0    50.0    76.0    75.0    51.0  -999.0    14.0    32.0    50.0    53.0    33.0    45.0    64.0    75.0    68.0    59.0    85.0    61.0    57.0    21.0    26.0  -999.0  -999.0    38.0    48.0
2020   3    69.0    54.0    59.0    73.0    54.0    78.0    12.0    22.0    46.0    52.0    34.0    53.0    57.0    70.0    62.0    57.0    79.0    60.0    51.0    29.0    19.0  -999.0  -999.0    32.0    42.0
2020   4    66.0    47.0    61.0    63.0    53.0    67.0    13.0    19.0    46.0    44.0    30.0    51.0    50.0    63.0    55.0    52.0    75.0    51.0    52.0    21.0    20.0  -999.0  -999.0    29.0    45.0
2020   5    46.0    32.0    36.0    34.0    25.0    35.0     8.0    15.0    26.0    30.0    15.0    24.0    50.0    34.0    31.0    31.0    43.0    32.0    24.0    16.0    12.0  -999.0  -999.0    24.0    23.0
2020   6    18.0    13.0    15.0    15.0    14.0    39.0     6.0     8.0    15.0    11.0     9.0  -999.0    24.0    17.0    12.0    10.0    20.0    14.0    14.0     9.0     7.0  -999.0  -999.0    15.0    14.0
2020   7    36.0    38.0    46.0    58.0    42.0    86.0    10.0    38.0    41.0    36.0    27.0  -999.0    68.0    45.0    44.0    35.0    65.0    43.0    55.0     7.0    38.0  -999.0  -999.0    22.0    37.0
2020   8    59.0    54.0    65.0    67.0    54.0    97.0    13.0    25.0    47.0    50.0    29.0  -999.0    74.0    64.0    64.0    56.0    76.0    59.0    45.0    31.0    32.0  -999.0  -999.0    25.0    35.0
2020   9    68.0    58.0    68.0    74.0    55.0    90.0    21.0    34.0    53.0    47.0    36.0    52.0    67.0    68.0    72.0    59.0    89.0    60.0    78.0    20.0    42.0  -999.0  -999.0    29.0    51.0
2020  10    69.0    55.0    64.0    54.0    51.0    80.0    10.0    24.0    58.0    56.0    41.0    50.0    64.0    54.0    60.0    55.0    81.0    52.0    50.0    29.0    20.0  -999.0  -999.0    32.0    49.0
2020  11    66.0    56.0    70.0  -999.0    53.0    95.0     9.0    18.0    52.0    51.0    32.0    49.0    76.0    64.0    62.0    55.0    77.0    58.0    56.0    20.0    17.0  -999.0  -999.0    34.0    46.0
2020  12    56.0    44.0    55.0    62.0    49.0    81.0    10.0    17.0    44.0    42.0    23.0    46.0    57.0    52.0    50.0    42.0    68.0    48.0    44.0    13.0    18.0  -999.0  -999.0    28.0    34.0
2020  13    55.0    44.0    64.0    67.0    43.0    75.0    14.0    29.0    45.0    41.0    30.0    41.0    72.0    58.0    54.0    47.0    71.0    52.0    59.0    14.0    36.0  -999.0  -999.0    32.0    46.0
2020  14    57.0    52.0    58.0    57.0    59.0    99.0    19.0    32.0    40.0    51.0    36.0    43.0    58.0    55.0    53.0    50.0    67.0    51.0    46.0    26.0    38.0  -999.0  -999.0    35.0    49.0
2020  15    58.0    53.0    58.0    66.0    58.0    94.0    15.0    29.0    44.0    42.0    35.0    45.0    64.0    59.0    61.0    53.0    74.0    55.0    48.0    22.0    42.0  -999.0  -999.0    34.0    52.0
2020  16    64.0    59.0    70.0    69.0    54.0    86.0    10.0    27.0    51.0    52.0    38.0    50.0    51.0    62.0    69.0    59.0    82.0    60.0    67.0    29.0    29.0  -999.0  -999.0    32.0    41.0
2020  17    64.0    54.0    59.0    59.0    47.0    78.0    11.0    28.0    56.0    55.0    34.0    55.0    62.0    51.0    62.0    52.0    70.0    51.0    43.0    22.0    36.0  -999.0  -999.0    31.0    35.0
2020  18    44.0    38.0    39.0    36.0    52.0    75.0    10.0    14.0    34.0    33.0    16.0    51.0    19.0    34.0    52.0    29.0    50.0    28.0    27.0    35.0    14.0  -999.0  -999.0    24.0    22.0
2020  19    29.0    20.0    30.0    27.0    36.0    44.0     6.0     8.0    20.0    22.0    11.0    25.0    37.0    26.0    26.0    19.0    41.0    23.0    19.0    12.0     8.0  -999.0  -999.0    18.0    14.0
2020  20    19.0    14.0    24.0    20.0    29.0    31.0     5.0    13.0    31.0    13.0     8.0    23.0    19.0    18.0    16.0    13.0    32.0    20.0    11.0     6.0    11.0  -999.0  -999.0    14.0    10.0
2020  21    22.0    30.0    32.0    28.0    34.0    67.0    10.0    22.0    38.0    29.0    18.0    30.0    37.0    25.0    25.0    25.0    38.0    20.0    26.0     6.0    24.0  -999.0  -999.0    17.0    17.0
2020  22    40.0    46.0    44.0    50.0    40.0    69.0    14.0    29.0    43.0    36.0    25.0    34.0    62.0  -999.0    45.0    47.0    60.0  -999.0    49.0    15.0    30.0  -999.0  -999.0    25.0    37.0
2020  23    52.0    50.0    61.0    66.0    44.0    79.0    18.0    34.0    41.0    40.0    37.0    41.0    68.0  -999.0    58.0    52.0    73.0  -999.0    55.0    28.0    37.0  -999.0  -999.0    30.0    49.0
2020  24    62.0    56.0    67.0    61.0    58.0    82.0    21.0    25.0    47.0    50.0    38.0    42.0    40.0    63.0    58.0    52.0    70.0    62.0    49.0    28.0    22.0  -999.0  -999.0    33.0    47.0
2020  25    47.0    39.0    47.0    49.0    37.0    43.0    22.0    23.0    33.0    30.0    32.0    27.0    35.0    50.0    35.0    40.0    44.0    42.0    49.0    21.0    23.0  -999.0  -999.0    34.0    37.0
2020  26    38.0    33.0    36.0    33.0    19.0    39.0    22.0    27.0    36.0    27.0    25.0    38.0    33.0    38.0    35.0    32.0    46.0    35.0    28.0    19.0    32.0  -999.0  -999.0    27.0    28.0
2020  27    50.0    35.0    50.0    50.0    37.0    57.0    18.0    23.0    41.0    34.0    31.0    39.0    40.0    44.0    47.0    39.0    54.0    41.0    45.0    30.0    20.0  -999.0  -999.0    28.0    39.0
2020  28    31.0    30.0    26.0    24.0    36.0    40.0    15.0    24.0    24.0    24.0    22.0    21.0    21.0    34.0    33.0    25.0    29.0    26.0    27.0    19.0    22.0  -999.0  -999.0    29.0    30.0
2020  29    33.0    28.0    43.0    37.0    30.0    41.0    17.0    27.0    33.0    26.0    23.0    35.0    46.0    43.0    37.0    37.0    52.0    39.0    32.0    20.0    28.0  -999.0  -999.0    52.0    46.0
2020  30    44.0    34.0    44.0    47.0    35.0    50.0    15.0    21.0    32.0    33.0    20.0    34.0    37.0    41.0    38.0    34.0    50.0    37.0    35.0    27.0    22.0  -999.0  -999.0    39.0    25.0
2020  31    43.0    39.0    56.0    50.0    58.0    71.0     9.0    20.0    38.0    44.0    23.0    37.0    35.0    51.0    48.0    42.0    55.0    43.0    33.0    22.0    19.0  -999.0  -999.0    31.0    23.0
2020  32    60.0    60.0    62.0    51.0    77.0    93.0    10.0    19.0    43.0    59.0    28.0    54.0    42.0    51.0    62.0    59.0    67.0    55.0    45.0    12.0    25.0  -999.0  -999.0    28.0    41.0
2020  33    37.0    39.0    37.0    29.0    29.0    40.0     8.0    14.0    20.0    37.0    18.0    23.0    17.0    32.0    33.0    36.0    38.0    27.0    27.0    15.0    13.0  -999.0  -999.0    22.0    22.0
2020  34    29.0    29.0    37.0    35.0    31.0    48.0    13.0    16.0    25.0    29.0    15.0    26.0    31.0    39.0    32.0    29.0    40.0    33.0    26.0    11.0    16.0  -999.0  -999.0    18.0    19.0
2020  35    34.0    26.0    34.0    38.0    35.0    38.0    14.0    24.0    28.0    24.0    20.0    25.0    29.0    34.0    29.0    23.0    34.0    26.0    24.0    12.0    22.0  -999.0  -999.0    25.0    26.0
2020  36    10.0     9.0     8.0    20.0     8.0    10.0     2.0     9.0     6.0     5.0  -999.0     6.0    13.0    12.0     5.0     5.0     8.0     7.0     6.0  -999.0    13.0  -999.0  -999.0    25.0    11.0
2020  37    11.0    22.0    16.0  -999.0    16.0    35.0     6.0    17.0    14.0    13.0  -999.0    14.0    29.0    21.0    13.0    13.0    16.0    15.0    12.0    14.0    20.0  -999.0  -999.0    18.0    11.0
2020  38    20.0    28.0    23.0    33.0    33.0    55.0     8.0    18.0    30.0    23.0  -999.0    29.0    41.0    34.0    27.0    27.0    36.0    25.0    21.0    22.0    34.0  -999.0  -999.0    16.0    17.0
2020  39    41.0    51.0    52.0    51.0    50.0    74.0     9.0    22.0    38.0    44.0    33.0    36.0    52.0    52.0    43.0    48.0    55.0    42.0    59.0    26.0    36.0  -999.0  -999.0    25.0    44.0
2020  40    44.0    38.0    51.0    38.0    49.0    70.0    13.0    12.0    23.0    39.0    25.0    25.0    24.0    39.0    39.0    34.0    42.0    35.0    31.0    17.0    10.0  -999.0  -999.0    25.0    33.0
2020  41    27.0    30.0    30.0    30.0    45.0    54.0    10.0    30.0    21.0    25.0    24.0    25.0    21.0    34.0    43.0    26.0    42.0    31.0    31.0    12.0    27.0  -999.0  -999.0    35.0    34.0
2020  42    41.0    34.0    47.0    46.0    42.0    53.0    20.0    46.0    38.0    40.0    35.0    34.0    40.0    48.0    72.0    44.0    57.0    50.0    47.0    45.0    40.0  -999.0  -999.0    88.0    57.0
2020  43    50.0    28.0    50.0    53.0    27.0    38.0    18.0    27.0    36.0    29.0    28.0    34.0    33.0    45.0    46.0    35.0    57.0    47.0    38.0    33.0    30.0  -999.0  -999.0    62.0    38.0
2020  44    38.0    28.0    41.0    36.0    35.0    50.0    16.0    27.0    28.0    28.0    23.0    30.0    28.0    38.0    35.0    29.0    40.0    36.0    35.0    21.0    20.0  -999.0  -999.0    43.0    28.0
2020  45    20.0    22.0    19.0    17.0    25.0    33.0     5.0    24.0    15.0    14.0    13.0    14.0    28.0    23.0    14.0    16.0    20.0    17.0    17.0    16.0    31.0  -999.0  -999.0    36.0    19.0
2020  46    21.0    25.0    26.0    20.0    24.0    45.0     6.0    15.0    24.0    21.0    14.0    22.0    33.0    34.0    25.0    26.0    36.0    30.0    23.0    13.0    21.0  -999.0  -999.0    29.0    27.0
2020  47    37.0    36.0    45.0    41.0    33.0    53.0    10.0    24.0    31.0    34.0    26.0    27.0    37.0    40.0    35.0    36.0    45.0    34.0    34.0    20.0    24.0  -999.0  -999.0    26.0    36.0
2020  48    41.0    33.0    43.0    45.0    31.0    50.0     7.0    18.0    36.0    31.0    19.0    32.0    33.0    44.0    37.0    36.0    43.0    38.0    34.0    14.0    27.0  -999.0  -999.0    23.0    30.0
2020  49    37.0    30.0    41.0    37.0    25.0    36.0     9.0    18.0    25.0    31.0    24.0    26.0    40.0    37.0    36.0    30.0    40.0    34.0    34.0  -999.0    19.0  -999.0  -999.0    23.0    31.0
2020  50    37.0    30.0    43.0    36.0    21.0    27.0    10.0    19.0    25.0    28.0    17.0    29.0    34.0    34.0    37.0    32.0    44.0    33.0    29.0  -999.0    23.0  -999.0  -999.0    21.0    27.0
2020  51    21.0    21.0    22.0    24.0    18.0    27.0     5.0    14.0    21.0    13.0    16.0    20.0    27.0    24.0    18.0    21.0    30.0    19.0    17.0    12.0    16.0  -999.0  -999.0    18.0    19.0
2020  52  -999.0    27.0    33.0    39.0    30.0    40.0    12.0    21.0    28.0    27.0    23.0    26.0    30.0    36.0    32.0    29.0    45.0    30.0    24.0    19.0    26.0  -999.0  -999.0    19.0    28.0
2020  53    38.0    36.0    46.0    37.0    28.0    40.0    17.0    34.0    32.0    32.0    28.0    30.0    33.0    36.0    40.0    34.0    46.0    35.0    29.0    20.0    28.0  -999.0  -999.0    19.0    26.0
2020  54    39.0    42.0    44.0    41.0    30.0    38.0    12.0    24.0    30.0    30.0    31.0    33.0    33.0    34.0    40.0    37.0    44.0    33.0    40.0    21.0    23.0  -999.0  -999.0    20.0    29.0
2020  55    27.0    25.0    32.0    27.0    31.0    46.0    13.0    22.0    25.0    23.0    26.0    27.0    24.0    27.0    35.0    35.0    36.0    31.0    31.0    14.0    18.0  -999.0  -999.0    21.0    24.0
2020  56    26.0    18.0    36.0    23.0    28.0    42.0    10.0    18.0    21.0    13.0    18.0    27.0    13.0    21.0    29.0    14.0    32.0    18.0    19.0     9.0    13.0  -999.0  -999.0    16.0    14.0
2020  57    23.0    16.0    18.0    21.0    22.0    27.0    12.0    22.0    18.0    11.0    22.0    15.0    15.0    20.0    23.0    14.0    26.0    20.0    20.0    14.0    22.0  -999.0  -999.0    34.0    29.0
2020  58    15.0    16.0    16.0    14.0    13.0    16.0     9.0    12.0    13.0    10.0    10.0    16.0    14.0    16.0    18.0    11.0    22.0    22.0    14.0    12.0    15.0  -999.0  -999.0    29.0    16.0
2020  59    20.0    22.0    21.0    20.0    16.0    21.0     8.0    18.0    18.0  -999.0    14.0    16.0    25.0    24.0    16.0    16.0    25.0    22.0    18.0     9.0    23.0  -999.0  -999.0    33.0    22.0
2020  60    22.0    21.0    30.0    20.0    25.0    33.0    12.0    18.0    20.0  -999.0    15.0    17.0    25.0    32.0    21.0    20.0    27.0    21.0    17.0    16.0    18.0  -999.0  -999.0    23.0    14.0
2020  61    35.0    24.0    37.0    11.0    26.0    30.0    16.0    28.0    25.0    26.0    24.0    24.0    23.0    33.0    39.0    31.0    35.0    30.0    28.0    19.0    29.0  -999.0  -999.0    25.0    26.0
2020  62    32.0    18.0    34.0  -999.0    18.0    20.0     9.0    25.0    16.0    16.0    19.0    17.0    19.0    32.0    36.0    24.0    27.0    26.0    22.0    10.0    24.0  -999.0  -999.0    25.0    21.0
2020  63    28.0    23.0    31.0    31.0    22.0    24.0    17.0    27.0    23.0    25.0    24.0    21.0    26.0    39.0    27.0    29.0    35.0    37.0    35.0    14.0    26.0  -999.0  -999.0    41.0    42.0
2020  64    26.0    16.0    24.0    15.0    16.0    22.0    11.0    14.0    18.0    12.0    11.0    17.0    25.0    19.0    15.0    14.0    27.0    23.0    14.0    11.0    23.0  -999.0  -999.0    28.0    15.0
2020  65    28.0    15.0    18.0    16.0    16.0    22.0     5.0     8.0    14.0     8.0     9.0    15.0    17.0    18.0    12.0    11.0    20.0    13.0    12.0     6.0     9.0  -999.0  -999.0    17.0    12.0
2020  66    28.0    30.0    29.0    27.0    20.0    23.0    16.0    27.0    23.0    21.0    18.0    19.0    27.0    32.0    26.0    26.0    32.0    26.0    24.0     7.0    29.0  -999.0  -999.0    26.0    27.0
2020  67    23.0    19.0    26.0    16.0    16.0    19.0     5.0     9.0    14.0    19.0    11.0    13.0    22.0    21.0    16.0    18.0    27.0    21.0    15.0     8.0    15.0  -999.0  -999.0    20.0    14.0
2020  68    13.0    12.0    15.0    10.0    13.0    17.0     5.0    10.0    13.0    12.0     7.0    13.0    15.0    11.0     9.0     9.0    17.0    11.0     9.0     9.0    10.0  -999.0  -999.0    13.0     9.0
2020  69    18.0    19.0    21.0    20.0    23.0    35.0     4.0    17.0    16.0    15.0    10.0    18.0    22.0    21.0    15.0    18.0    24.0    16.0    14.0    12.0    16.0  -999.0  -999.0    12.0    12.0
2020  70    21.0    22.0    29.0    23.0    24.0    31.0     9.0    15.0    21.0    21.0    12.0    22.0    31.0    28.0    23.0    22.0    30.0    21.0    16.0     8.0    21.0  -999.0  -999.0    11.0    14.0
2020  71    33.0    29.0    38.0    30.0    25.0    32.0    13.0    18.0    24.0    30.0    21.0    26.0    34.0    31.0    33.0    32.0    40.0    30.0    30.0  -999.0    21.0  -999.0  -999.0    14.0    23.0
2020  72    24.0    21.0    24.0    28.0    22.0    28.0     8.0    15.0    22.0    22.0    17.0    20.0    23.0    25.0    29.0    23.0    29.0    21.0    30.0    30.0    16.0  -999.0  -999.0    15.0    23.0
2020  73    32.0    24.0    38.0    38.0    24.0    39.0    12.0    14.0    23.0    34.0    24.0    23.0    24.0    35.0    36.0    30.0    36.0    28.0    35.0    12.0    16.0  -999.0  -999.0    18.0    29.0
2020  74    22.0    25.0    26.0  -999.0    29.0    42.0    11.0    13.0    32.0    23.0    21.0    26.0    26.0    24.0    33.0    23.0    32.0    20.0    27.0    11.0    12.0  -999.0  -999.0    14.0    18.0
2020  75    18.0    14.0    19.0    25.0    25.0    32.0     7.0     3.0    19.0    14.0    16.0    19.0    28.0    16.0    14.0    13.0    17.0    17.0    20.0     7.0    12.0  -999.0  -999.0    14.0    14.0
2020  76    20.0    20.0    24.0  -999.0    21.0    28.0    15.0  -999.0    23.0    22.0    19.0    28.0    34.0    24.0    19.0    22.0    26.0    22.0    22.0    15.0    21.0  -999.0  -999.0    16.0    19.0
2020  77    32.0    30.0    37.0  -999.0    31.0    38.0    20.0    24.0    28.0    28.0    27.0    32.0    39.0    33.0    28.0    31.0    34.0    31.0    28.0    19.0    24.0  -999.0  -999.0    19.0    26.0
2020  78    36.0    34.0    39.0  -999.0    29.0    42.0    14.0    23.0    35.0    36.0    30.0    37.0    42.0    37.0    34.0    34.0    39.0    37.0    40.0    18.0    27.0  -999.0  -999.0    22.0    35.0
2020  79    41.0    34.0    41.0    37.0    34.0    47.0    14.0    25.0    33.0    34.0    33.0    34.0    38.0    38.0    33.0    33.0    40.0    38.0    43.0    20.0    29.0  -999.0  -999.0    24.0    32.0
2020  80    39.0    27.0    38.0    38.0    27.0    52.0    11.0    21.0    40.0    30.0    29.0    36.0    34.0    32.0    33.0    27.0    39.0    39.0    37.0    17.0    22.0  -999.0  -999.0    22.0    30.0
2020  81    40.0    32.0    38.0  -999.0    29.0    47.0    14.0    15.0    33.0    32.0    37.0    40.0    36.0    33.0    34.0    29.0    42.0    34.0    96.0    12.0    14.0  -999.0  -999.0    22.0    28.0
2020  82    45.0    33.0    38.0    32.0    28.0    45.0    18.0    19.0    30.0    34.0    36.0    34.0    30.0    31.0    37.0    32.0    42.0    38.0    38.0    17.0    20.0  -999.0  -999.0    25.0    33.0
2020  83    22.0    14.0    20.0  -999.0    20.0    25.0     9.0    18.0    18.0    15.0    21.0    18.0    20.0    17.0    19.0    15.0    19.0    22.0    19.0    16.0    23.0  -999.0  -999.0    27.0    19.0
2020  84    13.0    14.0    11.0    10.0    10.0    17.0     8.0    11.0    11.0    11.0    13.0    12.0    16.0    11.0    11.0    10.0    11.0    32.0    14.0     8.0    21.0  -999.0  -999.0    19.0    11.0
2020  85    12.0    12.0    10.0     9.0    15.0    23.0     3.0     7.0    12.0     8.0     7.0    17.0    18.0     9.0     7.0     7.0     8.0    27.0    11.0     3.0    15.0  -999.0  -999.0    13.0     6.0
2020  86    11.0    10.0     8.0  -999.0     9.0    12.0     2.0     4.0    15.0     5.0     7.0    15.0     9.0     7.0     8.0     3.0    10.0     6.0  -999.0     3.0     4.0  -999.0  -999.0     9.0     5.0
2020  87    10.0     7.0    10.0     9.0    11.0    15.0     6.0     6.0    17.0     6.0     6.0    17.0    14.0    10.0    13.0     6.0    15.0     9.0    13.0     5.0     1.0  -999.0  -999.0     8.0     6.0
2020  88    18.0    25.0    28.0    20.0    15.0    21.0    45.0    35.0    20.0    32.0    34.0    25.0    22.0    28.0    26.0    28.0    27.0    29.0    35.0    34.0    32.0  -999.0  -999.0    17.0    26.0
2020  89    58.0    49.0    70.0    65.0    31.0    35.0    92.0    76.0    50.0    64.0    67.0    55.0    59.0    70.0    68.0    67.0    66.0    70.0    80.0    75.0    70.0  -999.0  -999.0    40.0    64.0
2020  90    71.0    44.0    73.0    57.0    15.0    22.0    60.0    60.0    49.0    54.0    61.0    44.0    63.0    74.0    60.0    60.0    60.0    63.0    74.0    72.0    69.0  -999.0  -999.0    49.0    57.0
2020  91    30.0    22.0    24.0    19.0    22.0    26.0    12.0    19.0    16.0    17.0    15.0    15.0    18.0    19.0    15.0    16.0    20.0    20.0    20.0    21.0    21.0  -999.0  -999.0    33.0    19.0
2020  92    11.0    14.0    14.0  -999.0    10.0    12.0     9.0    12.0    13.0    10.0    13.0    14.0    18.0    12.0    11.0    11.0    11.0    13.0    13.0     8.0    14.0  -999.0  -999.0    22.0    11.0
2020  93    16.0    20.0    18.0    18.0    15.0    23.0    18.0    14.0    20.0    15.0    17.0    20.0    26.0    18.0    16.0    16.0    19.0    17.0    38.0    10.0    20.0  -999.0  -999.0    16.0    13.0
2020  94    23.0    26.0    26.0    22.0    18.0    30.0    12.0    16.0    22.0    22.0    20.0    23.0    30.0    23.0    24.0    22.0    26.0    23.0    39.0    12.0    19.0  -999.0  -999.0    17.0    18.0
2020  95    21.0    18.0    24.0    19.0    20.0    27.0    12.0    13.0    19.0    18.0    17.0    22.0    30.0    19.0    18.0    17.0    21.0    19.0    18.0    11.0    13.0  -999.0  -999.0    16.0    14.0
2020  96    17.0    21.0    22.0    18.0    17.0    25.0    14.0    18.0    17.0    20.0    18.0    21.0    26.0    21.0    18.0    19.0    19.0    20.0    22.0    13.0    15.0  -999.0  -999.0    15.0    17.0
2020  97    23.0    24.0    31.0    14.0    23.0    29.0    20.0    25.0    26.0    25.0    25.0    28.0    33.0    28.0    24.0    24.0    27.0    26.0    26.0    23.0    23.0  -999.0  -999.0    18.0    22.0
2020  98    29.0    27.0    38.0  -999.0    22.0    34.0    22.0    32.0    33.0    36.0    31.0    30.0    31.0    34.0    30.0    30.0    33.0    31.0    35.0    23.0    27.0  -999.0  -999.0    21.0    30.0
2020  99    37.0    34.0    40.0    33.0    29.0    39.0    23.0    32.0    40.0    34.0    32.0    37.0    30.0    36.0    36.0    35.0    40.0    34.0    38.0    28.0    33.0  -999.0  -999.0    24.0    30.0
2020 100    43.0    25.0    37.0    34.0    28.0    39.0    23.0    28.0    35.0    28.0    30.0    35.0    32.0    33.0    34.0    31.0    36.0    32.0    39.0    24.0    29.0  -999.0  -999.0    23.0    26.0
2020 101    34.0    24.0    35.0    31.0    22.0    34.0    17.0    23.0    32.0    25.0    31.0    33.0    24.0    30.0    30.0    31.0    34.0    29.0    33.0    20.0    23.0  -999.0  -999.0    22.0    25.0
2020 102    33.0    22.0    30.0    31.0    25.0    37.0    14.0    20.0    29.0    26.0    30.0    32.0    29.0    28.0    30.0    27.0    31.0    29.0    31.0    28.0    22.0  -999.0  -999.0    22.0    26.0
2020 103    31.0    24.0    29.0    28.0    19.0    30.0    18.0    20.0    25.0    29.0    25.0    27.0    25.0    26.0    28.0    23.0    29.0    27.0    29.0    19.0    24.0  -999.0  -999.0    21.0    24.0
2020 104    32.0    21.0    25.0    26.0    22.0    34.0    17.0    17.0    27.0    19.0    21.0    24.0    22.0    21.0    22.0    18.0    25.0    22.0    23.0    14.0    17.0  -999.0  -999.0    18.0    16.0
2020 105    24.0    19.0    22.0    24.0    22.0    29.0    15.0    16.0    19.0    17.0    16.0    20.0    18.0    19.0    18.0    15.0    22.0    21.0    21.0    17.0    18.0  -999.0  -999.0    16.0    15.0
2020 106    12.0    11.0    16.0    12.0    12.0    13.0    10.0    12.0    13.0    11.0    15.0    12.0    13.0    15.0    13.0    12.0    15.0    19.0    15.0    13.0    13.0  -999.0  -999.0    14.0    11.0
2020 107    18.0    16.0    21.0  -999.0    13.0    21.0     9.0    14.0    18.0    16.0    18.0    18.0    20.0    19.0    19.0    16.0    20.0    21.0    20.0    19.0    20.0  -999.0  -999.0    14.0    16.0
2020 108    22.0    19.0    25.0  -999.0    17.0  -999.0    16.0    16.0    19.0    23.0  -999.0    17.0    21.0    21.0    22.0    16.0    24.0    19.0    19.0    17.0    20.0  -999.0  -999.0    16.0    18.0
2020 109    21.0    16.0    19.0    19.0    21.0    26.0    15.0    19.0    24.0    14.0  -999.0    19.0    16.0    14.0    19.0    17.0    21.0    19.0    17.0    18.0    20.0  -999.0  -999.0    15.0    15.0
2020 110    24.0    20.0    27.0    27.0    28.0    36.0    23.0    20.0    28.0    20.0  -999.0    28.0    20.0    20.0    31.0    21.0    30.0    25.0    25.0    18.0    20.0  -999.0  -999.0    17.0    17.0
2020 111    42.0    16.0    19.0    18.0    19.0    20.0    13.0    13.0    21.0    16.0  -999.0    19.0    12.0    12.0    24.0    13.0    21.0    16.0    22.0    15.0    17.0  -999.0  -999.0    15.0    17.0
2020 112    19.0    10.0    20.0    16.0    13.0    17.0     5.0     9.0    13.0     7.0    19.0    14.0    13.0    15.0    11.0     8.0    18.0    14.0    16.0    10.0     8.0  -999.0  -999.0    17.0    19.0
2020 113    12.0     9.0    11.0    10.0     9.0     9.0     3.0     5.0    12.0    13.0     9.0    11.0    11.0    11.0    10.0     6.0    12.0     9.0     6.0     4.0     7.0  -999.0  -999.0    11.0     8.0
2020 114     9.0    10.0    13.0    12.0     9.0    18.0     9.0    13.0    11.0    10.0     8.0    11.0    16.0    16.0    10.0    10.0    16.0     9.0    12.0     9.0    13.0  -999.0  -999.0     8.0     6.0
2020 115    16.0    20.0    22.0    16.0    11.0    17.0    13.0    16.0    16.0    16.0    16.0    16.0    22.0    22.0    19.0    19.0    21.0  -999.0    18.0    13.0    16.0  -999.0  -999.0     9.0    13.0
2020 116    20.0    15.0    19.0    17.0    14.0    18.0    11.0    12.0    18.0    16.0    13.0    16.0    18.0    17.0    17.0    16.0    18.0  -999.0    17.0     9.0     9.0  -999.0  -999.0    10.0    12.0
2020 117    11.0     9.0    11.0    13.0     8.0    11.0     6.0     6.0    11.0     9.0     8.0    11.0    10.0     9.0     8.0     8.0     9.0     9.0    11.0     5.0     4.0  -999.0  -999.0     8.0     8.0
2020 118    15.0    16.0    16.0    13.0    10.0    21.0     7.0     8.0    13.0    13.0    11.0    12.0    12.0    14.0    16.0    11.0    17.0  -999.0    15.0     9.0    14.0  -999.0  -999.0     8.0    10.0
2020 119    19.0    23.0    23.0    19.0    12.0    17.0    10.0    14.0    14.0    16.0    16.0    15.0    16.0    20.0    22.0    19.0    21.0  -999.0    20.0    12.0    20.0  -999.0  -999.0    11.0    15.0
2020 120    19.0    14.0    21.0    17.0    13.0    16.0    11.0    21.0    16.0    16.0    17.0    16.0    20.0    19.0    23.0    16.0    20.0    21.0    20.0    19.0    22.0  -999.0  -999.0    16.0    17.0
2020 121    17.0    13.0    18.0    13.0    12.0    14.0     8.0    14.0    12.0    13.0    13.0    15.0    14.0    13.0    14.0    13.0    16.0    19.0  -999.0    14.0    21.0  -999.0  -999.0    15.0    13.0
2020 122    14.0    15.0    17.0    16.0    12.0    22.0    14.0    24.0    12.0    12.0    13.0    12.0    15.0    12.0    20.0    13.0    16.0    16.0  -999.0    20.0    21.0  -999.0  -999.0    16.0    15.0
2020 123    18.0    14.0    20.0    18.0    13.0    17.0    10.0    19.0    16.0    19.0    19.0    15.0    19.0    16.0    26.0    16.0    27.0    18.0    20.0    21.0    21.0  -999.0  -999.0    22.0    23.0
2020 124    15.0    15.0    15.0    13.0     9.0    10.0     7.0    14.0    11.0    14.0    14.0    12.0    14.0    11.0    10.0    12.0    12.0    12.0    16.0    16.0    13.0  -999.0  -999.0    19.0    14.0
2020 125    10.0    15.0    14.0    13.0    11.0    14.0     6.0    10.0    12.0    12.0    13.0    11.0    15.0    12.0    11.0    10.0    13.0    14.0    11.0     6.0     9.0  -999.0  -999.0    14.0    10.0
2020 126    16.0    19.0    19.0    16.0    12.0    22.0     7.0     9.0    12.0    16.0    14.0    14.0    20.0    17.0    15.0    14.0    19.0    17.0    17.0     7.0    13.0  -999.0  -999.0    12.0    15.0
2020 127    18.0    19.0    21.0    17.0    16.0    18.0     9.0    13.0    17.0    17.0    14.0    17.0    18.0    18.0    21.0    15.0    23.0    18.0    14.0     8.0    13.0  -999.0  -999.0    10.0    10.0
2020 128    13.0    20.0    17.0    12.0    12.0    13.0     6.0    16.0    16.0    18.0    17.0    14.0    18.0    13.0    12.0    11.0    15.0    18.0    13.0    12.0    17.0  -999.0  -999.0    10.0    11.0
2020 129    15.0    19.0    17.0    16.0    13.0    21.0     7.0    15.0    16.0    17.0    14.0    17.0    16.0    14.0    14.0    12.0    19.0    19.0    16.0    11.0    14.0  -999.0  -999.0     9.0    12.0
2020 130    16.0    15.0    17.0    19.0    14.0    29.0     8.0    11.0    17.0    19.0    15.0    17.0    30.0    14.0    15.0    14.0    19.0    17.0    16.0    12.0    12.0  -999.0  -999.0    10.0    15.0
2020 131    18.0    13.0    16.0  -999.0    13.0    18.0     6.0     8.0    15.0    18.0    14.0    16.0    17.0    14.0    15.0    12.0    19.0    16.0    15.0     8.0    13.0  -999.0  -999.0    11.0    15.0
2020 132    19.0    20.0    17.0    19.0    14.0    17.0    10.0    13.0    15.0    12.0    16.0    14.0    18.0    12.0    22.0    12.0    24.0    20.0    15.0    11.0    17.0  -999.0  -999.0    12.0    14.0
2020 133    20.0    17.0    17.0    20.0    15.0    17.0    15.0    19.0    17.0    23.0    19.0    16.0    20.0    17.0    17.0    25.0    20.0    21.0    23.0    19.0    24.0  -999.0  -999.0    15.0    20.0
2020 134    25.0    28.0    33.0    34.0    25.0    36.0    19.0    24.0    29.0    28.0    30.0    30.0    28.0    30.0    41.0    31.0    35.0    43.0    37.0    20.0    33.0  -999.0  -999.0    22.0    30.0
2020 135    46.0    44.0    60.0    53.0    47.0    55.0    39.0    45.0    52.0    51.0    49.0    46.0    49.0    43.0    60.0    54.0    59.0    63.0    54.0    49.0    55.0  -999.0  -999.0    34.0    44.0
2020 136    44.0    20.0    27.0    22.0    24.0    26.0    14.0    22.0    25.0    32.0    23.0    24.0    26.0    18.0    24.0    23.0    26.0    31.0    24.0    22.0    24.0  -999.0  -999.0    26.0    23.0
2020 137    21.0    21.0    28.0    24.0    23.0    28.0    15.0    29.0    27.0    26.0    27.0    28.0    26.0    21.0    22.0    21.0    26.0    30.0    26.0    21.0    36.0  -999.0  -999.0    24.0    27.0
2020 138    42.0    40.0    51.0    52.0    35.0    41.0    37.0    33.0    45.0    53.0    40.0    41.0    47.0    34.0    58.0    45.0    58.0    47.0    42.0    35.0    38.0  -999.0  -999.0    29.0    37.0
2020 139    38.0    42.0    44.0    52.0    27.0    30.0    24.0    28.0    37.0    36.0    35.0    40.0  -999.0    30.0    38.0    33.0    40.0    42.0    37.0    29.0    35.0  -999.0  -999.0    30.0    33.0
2020 140    31.0    21.0    28.0  -999.0    26.0    30.0    15.0    20.0    28.0    22.0    23.0    22.0  -999.0    16.0    31.0    20.0    32.0    23.0    22.0    16.0    17.0  -999.0  -999.0    22.0    18.0
2020 141    17.0    15.0    18.0    21.0    17.0    17.0     7.0    18.0    14.0     9.0    25.0    14.0    15.0    12.0    14.0    12.0    17.0    17.0    13.0    12.0    15.0  -999.0  -999.0    16.0    17.0
2020 142    12.0    16.0    17.0    15.0    11.0    21.0    11.0    18.0    15.0    16.0    18.0  -999.0    19.0    16.0    13.0    15.0    18.0    18.0    15.0    14.0    15.0  -999.0  -999.0    16.0    20.0
2020 143    18.0    17.0    20.0    20.0    16.0    18.0     9.0    17.0    17.0    23.0    14.0    15.0    24.0    17.0    20.0    18.0    22.0    21.0    17.0    13.0    19.0  -999.0  -999.0    14.0    16.0
2020 144    21.0    18.0    24.0    16.0    15.0    21.0     7.0    17.0    16.0    25.0    18.0    14.0    21.0    19.0    16.0    20.0    20.0    16.0    17.0    10.0    21.0  -999.0  -999.0    13.0    14.0
2020 145    19.0    18.0    23.0    16.0    13.0    18.0    11.0    14.0    15.0    24.0    18.0    13.0    15.0    17.0    20.0    18.0    23.0    18.0    16.0    12.0    17.0  -999.0  -999.0    13.0    17.0
2020 146    18.0    15.0    18.0    16.0    14.0    21.0  -999.0    21.0    14.0    19.0    17.0    16.0    19.0    14.0    14.0    15.0    19.0    14.0    16.0    11.0    17.0  -999.0  -999.0    12.0    15.0
2020 147    15.0    13.0    17.0    15.0    15.0    16.0  -999.0    17.0    12.0    17.0    19.0    13.0    17.0    13.0    12.0    13.0    16.0    16.0    14.0     9.0    13.0  -999.0  -999.0    11.0    13.0
2020 148    11.0    11.0    12.0    11.0    10.0  -999.0     6.0    13.0     9.0    14.0    15.0    13.0    18.0    11.0    11.0     8.0    11.0    12.0     9.0     7.0     8.0  -999.0  -999.0    11.0    13.0
2020 149    13.0    13.0    13.0    15.0    12.0    28.0     5.0    14.0    15.0    13.0    14.0    25.0    19.0    10.0    14.0     9.0    18.0    12.0    16.0     8.0    12.0  -999.0  -999.0    10.0    11.0
2020 150    17.0    14.0    16.0    13.0    15.0    16.0    11.0    12.0    12.0    13.0    14.0    12.0    13.0    13.0    17.0    12.0    28.0    15.0    16.0    11.0    15.0  -999.0  -999.0    11.0    15.0
2020 151    12.0    12.0    17.0    10.0     7.0    13.0     4.0     6.0    10.0     9.0    10.0     9.0     7.0    10.0    10.0    12.0    13.0     9.0    14.0     5.0    10.0  -999.0  -999.0     8.0     8.0
2020 152    12.0     7.0    13.0    12.0    12.0    16.0     6.0    10.0    11.0     9.0    12.0    10.0     6.0     9.0    11.0     8.0    14.0    11.0    13.0     9.0     9.0  -999.0  -999.0     8.0    12.0
2020 153    13.0    13.0    15.0    15.0    11.0    20.0     5.0    15.0    13.0    14.0    14.0    13.0    14.0    13.0    14.0    13.0    17.0    14.0    15.0    10.0    11.0  -999.0  -999.0     9.0    13.0
2020 154    14.0    14.0    13.0    14.0    11.0    16.0     6.0     9.0    12.0    12.0    13.0    12.0    11.0     9.0    13.0     9.0    16.0    14.0    13.0     8.0    10.0  -999.0  -999.0     8.0    13.0
2020 155    14.0    12.0    15.0    14.0    13.0    18.0     7.0     9.0    12.0     9.0    11.0    12.0    12.0    11.0    13.0    10.0    17.0    12.0    17.0    10.0    15.0  -999.0  -999.0     8.0     9.0
2020 156    14.0    13.0    15.0    20.0    14.0    15.0     8.0    11.0    13.0    12.0    17.0    14.0    10.0    13.0    13.0     9.0    15.0    16.0    18.0    12.0    22.0  -999.0  -999.0    11.0    24.0
2020 157    28.0    20.0    23.0    22.0    13.0    20.0    11.0    23.0    17.0    15.0    21.0    16.0    17.0    16.0    33.0    16.0    32.0    16.0    24.0    24.0    24.0  -999.0  -999.0    20.0    25.0
2020 158    21.0    19.0    23.0    20.0    18.0    21.0    10.0    15.0    15.0    17.0    19.0    14.0    20.0    13.0    29.0    14.0    28.0    16.0    21.0    18.0    20.0  -999.0  -999.0    20.0    21.0
2020 159    19.0    17.0    18.0    18.0    14.0    17.0    12.0    14.0    13.0    14.0    16.0    13.0    13.0    13.0    17.0    13.0    16.0    16.0    15.0    14.0    18.0  -999.0  -999.0    17.0    15.0
2020 160    19.0    24.0    22.0    20.0    12.0    12.0    13.0    27.0    12.0    15.0    16.0    13.0    22.0    16.0    25.0    18.0    23.0    16.0    17.0    16.0    21.0  -999.0  -999.0    17.0    19.0
2020 161    19.0  -999.0    21.0    18.0    16.0    22.0    11.0    20.0    14.0    15.0    18.0    12.0    21.0    16.0    18.0    17.0    20.0    16.0    20.0    18.0    22.0  -999.0  -999.0    19.0    21.0
2020 162    20.0    19.0    18.0    26.0    14.0    15.0    11.0    19.0    13.0    14.0    17.0    12.0    17.0    13.0    26.0    15.0    26.0    16.0    17.0    19.0    20.0  -999.0  -999.0    20.0    22.0
2020 163    16.0    16.0    18.0    13.0    10.0    11.0     5.0    16.0     9.0    17.0    12.0     8.0    14.0    15.0    14.0    11.0    17.0  -999.0    14.0    11.0    12.0  -999.0  -999.0    17.0    15.0
2020 164    13.0    15.0    17.0    13.0    10.0    15.0     5.0    11.0    12.0    12.0    12.0    10.0    14.0  -999.0    12.0    13.0    18.0  -999.0    13.0     9.0     9.0  -999.0  -999.0    13.0    13.0
2020 165    17.0    25.0    21.0    18.0    16.0    19.0     8.0    13.0    13.0    15.0    13.0    12.0    16.0    21.0    26.0    17.0    25.0  -999.0    14.0    10.0    15.0  -999.0  -999.0    12.0    12.0
2020 166    23.0    23.0    20.0    25.0    13.0    17.0     8.0    18.0    14.0    15.0    18.0    14.0    17.0    21.0    31.0    17.0    33.0  -999.0    19.0    16.0    18.0  -999.0  -999.0    16.0    21.0
2020 167    23.0    21.0    23.0    23.0    17.0    18.0     8.0    19.0    14.0    15.0    17.0    13.0    19.0    19.0    25.0    17.0    27.0  -999.0    17.0    15.0    20.0  -999.0  -999.0    19.0    20.0
2020 168    15.0    18.0    15.0    16.0    11.0    14.0     8.0    15.0    11.0    11.0    16.0    12.0    17.0    14.0    18.0    12.0    20.0    14.0    13.0    15.0    21.0  -999.0  -999.0    15.0    15.0
2020 169    21.0    23.0    25.0    27.0    15.0    21.0    10.0    19.0    14.0    16.0    21.0    17.0    23.0    23.0    28.0    20.0    32.0    25.0    17.0    17.0    23.0  -999.0  -999.0    17.0    19.0
2020 170    23.0    23.0    23.0    27.0    18.0    20.0    10.0    21.0    17.0    17.0    18.0    16.0    18.0    25.0    31.0    18.0    29.0    22.0    15.0    16.0    22.0  -999.0  -999.0    16.0    18.0
2020 171    16.0    19.0    16.0    17.0    13.0    18.0     5.0     9.0    13.0    16.0    18.0    16.0    17.0    17.0    18.0    15.0    19.0    18.0    13.0     8.0    18.0  -999.0  -999.0    13.0    15.0
2020 172    15.0    16.0    17.0    17.0    12.0    16.0     7.0    17.0    13.0    13.0    18.0    15.0    17.0    17.0     8.0    12.0    16.0    16.0    16.0    15.0    16.0  -999.0  -999.0    13.0    14.0
2020 173    13.0    11.0    11.0    12.0    13.0    22.0     4.0    14.0    11.0    13.0     9.0    13.0    12.0    12.0    11.0     8.0    13.0    10.0    10.0    11.0     9.0  -999.0  -999.0    13.0    14.0
2020 174    11.0     9.0    10.0     6.0    13.0    17.0     3.0    10.0    10.0    12.0    10.0    11.0    11.0    11.0     7.0     7.0    12.0    11.0     8.0    12.0    15.0  -999.0  -999.0    12.0    13.0
2020 175    12.0    13.0    18.0  -999.0    12.0    43.0     6.0    13.0    13.0    13.0    17.0    14.0    12.0    15.0    11.0    11.0    14.0    14.0    13.0    10.0    25.0  -999.0  -999.0    12.0    17.0
2020 176    16.0    17.0    20.0    17.0    14.0    32.0     8.0    13.0    16.0    20.0    22.0    18.0    18.0    21.0    16.0    15.0    19.0    20.0    16.0    11.0    24.0  -999.0  -999.0    13.0    17.0
2020 177    20.0    22.0    22.0    22.0    18.0    39.0    11.0    15.0    17.0    20.0    20.0    18.0    21.0    23.0    22.0    17.0    24.0    22.0    17.0    13.0    22.0  -999.0  -999.0    13.0    13.0
2020 178    20.0    25.0    21.0    17.0    16.0    25.0     6.0    15.0    17.0    22.0    16.0    21.0    18.0    21.0    15.0    15.0    24.0    23.0    15.0    12.0    32.0  -999.0  -999.0    11.0    13.0
2020 179    20.0    17.0    21.0    21.0    19.0    24.0     7.0    13.0    17.0    19.0    21.0    22.0    21.0    23.0    17.0    15.0    23.0    25.0    18.0    13.0    22.0  -999.0  -999.0    12.0    18.0
2020 180    21.0    23.0    22.0    19.0    19.0    24.0    10.0    14.0    17.0    20.0    19.0    21.0    21.0    19.0    19.0    14.0    22.0    27.0    21.0    15.0    21.0  -999.0  -999.0    13.0    14.0
2020 181    20.0    23.0    20.0    19.0    22.0    32.0    11.0    11.0    22.0    18.0    18.0    20.0    19.0    17.0    21.0    18.0    27.0    34.0    18.0    12.0    30.0  -999.0  -999.0    13.0    13.0
2020 182    19.0    19.0    19.0    18.0    16.0    20.0    15.0    21.0    17.0    16.0    19.0    18.0    19.0    19.0    24.0    17.0    32.0    30.0    17.0    15.0    33.0  -999.0  -999.0    14.0    22.0
2020 183    18.0    25.0    22.0    18.0    19.0    22.0    11.0    11.0    19.0    21.0    21.0    21.0    16.0    20.0    21.0    18.0    34.0    31.0    19.0    12.0    30.0  -999.0  -999.0    13.0    16.0
2020 184    23.0    28.0    23.0    10.0    27.0    28.0  -999.0    18.0    22.0    27.0    24.0    25.0    22.0    22.0    33.0    21.0    46.0    34.0    21.0    17.0    26.0  -999.0  -999.0    13.0    16.0
2020 185    23.0    22.0    24.0    10.0    30.0    26.0    33.0    19.0    21.0    22.0    20.0    23.0    20.0    22.0    31.0    19.0    47.0    31.0    19.0    17.0    30.0  -999.0  -999.0    14.0    17.0
2020 186    24.0    29.0    24.0    26.0    29.0    20.0    14.0    24.0    16.0    18.0    20.0    20.0    20.0    21.0    18.0    19.0    22.0    23.0    23.0    19.0    28.0  -999.0  -999.0    18.0    23.0
2020 187    12.0    18.0    12.0    13.0     9.0    15.0     4.0    19.0    12.0    10.0    14.0    14.0    15.0    11.0     6.0     8.0     7.0    13.0    12.0    11.0     7.0  -999.0  -999.0    18.0    15.0
2020 188    14.0    20.0    16.0    19.0    15.0    20.0     7.0    16.0    16.0    16.0    16.0    18.0    17.0    16.0    15.0    14.0    23.0    18.0    14.0    13.0    42.0  -999.0  -999.0    16.0    15.0
2020 189    22.0    20.0    23.0    23.0    23.0    23.0    16.0    19.0    19.0    22.0    22.0    23.0    21.0    22.0    23.0    21.0    29.0    28.0    20.0    18.0    40.0  -999.0  -999.0    16.0    16.0
2020 190    20.0    21.0    23.0    24.0    26.0    22.0    12.0    22.0    20.0    17.0    20.0    22.0    26.0    19.0    29.0    19.0    39.0    26.0    20.0    21.0    41.0  -999.0  -999.0    17.0    17.0
2020 191    22.0    39.0    26.0     9.0    19.0    25.0     9.0    19.0    20.0    19.0    20.0    23.0    24.0  -999.0    18.0    21.0    27.0    22.0  -999.0    16.0    42.0  -999.0  -999.0    17.0    16.0
2020 192    24.0    24.0    27.0  -999.0    24.0    25.0    12.0    22.0    21.0    26.0    22.0    26.0    23.0    21.0    23.0    22.0    26.0    25.0  -999.0    24.0    32.0  -999.0  -999.0    19.0    18.0
2020 193    20.0    18.0    21.0  -999.0    19.0    23.0    10.0    14.0    17.0    22.0    12.0    19.0    18.0    16.0    21.0    17.0    25.0    22.0    17.0    16.0    24.0  -999.0  -999.0    17.0    15.0
2020 194    17.0    18.0    19.0  -999.0    17.0    19.0    12.0    17.0    18.0    20.0    19.0    19.0    18.0    16.0    19.0    15.0    26.0    22.0    18.0    13.0    17.0  -999.0  -999.0    16.0    17.0
2020 195    13.0    10.0    14.0  -999.0    18.0    18.0     8.0    25.0    15.0    15.0    16.0    16.0    18.0    15.0     8.0    14.0    10.0    17.0    14.0    12.0    16.0  -999.0  -999.0    15.0    15.0
2020 196    16.0    25.0    19.0    20.0    14.0    18.0    12.0    24.0    18.0    15.0    36.0    20.0    17.0    19.0    22.0    16.0    23.0    27.0    16.0    17.0    20.0  -999.0  -999.0    19.0    17.0
2020 197    20.0    17.0    21.0    19.0    17.0    20.0    14.0    18.0    15.0    20.0    19.0    18.0    20.0    21.0    22.0    17.0    29.0    24.0    18.0    17.0    32.0  -999.0  -999.0    21.0    17.0
2020 198    18.0    24.0    20.0    23.0    15.0    18.0    10.0    22.0    15.0    19.0    23.0    18.0    16.0    25.0    22.0    18.0    33.0    38.0    19.0    15.0    43.0  -999.0  -999.0    22.0    21.0
2020 199    21.0    20.0    23.0    29.0    19.0    18.0    11.0    23.0    19.0    21.0    21.0    19.0    19.0    25.0    23.0    17.0    25.0    38.0    20.0    18.0    30.0  -999.0  -999.0    23.0    21.0
2020 200    12.0    11.0    13.0    11.0    12.0    13.0     2.0    14.0    12.0    12.0    13.0    11.0    11.0    15.0     6.0    10.0     8.0    13.0    10.0     9.0    10.0  -999.0  -999.0    17.0     9.0
2020 201     9.0     7.0     9.0     9.0    10.0    15.0     5.0    19.0  -999.0    10.0    14.0     9.0    16.0    11.0     7.0     6.0     8.0    10.0    10.0     9.0     7.0  -999.0  -999.0    15.0    14.0
2020 202    16.0    15.0    19.0    19.0    13.0    17.0     7.0    18.0  -999.0    20.0    16.0    17.0    20.0    22.0    23.0    13.0    29.0    19.0    12.0    11.0    23.0  -999.0  -999.0    16.0    14.0
2020 203    17.0    22.0    21.0    23.0    19.0    22.0  -999.0    20.0  -999.0    22.0    23.0    20.0    22.0    26.0    16.0    34.0    21.0    23.0    19.0    15.0    27.0  -999.0  -999.0    18.0    17.0
2020 204    26.0    22.0    27.0    23.0    23.0    27.0    28.0    31.0  -999.0    25.0    22.0    24.0    24.0    26.0    18.0    25.0    31.0    30.0    19.0    18.0    30.0  -999.0  -999.0    18.0    18.0
2020 205    24.0    20.0    22.0    18.0    21.0    27.0     8.0    26.0  -999.0    21.0    17.0    23.0    18.0    18.0    22.0    21.0    28.0    30.0    18.0    19.0    27.0  -999.0  -999.0    16.0    14.0
2020 206    19.0    21.0    17.0    21.0    20.0    22.0    15.0    14.0    23.0    17.0    15.0    21.0    20.0    21.0    28.0    32.0    27.0    25.0    15.0    18.0    32.0  -999.0  -999.0    15.0    15.0
2020 207    15.0    16.0    12.0    16.0    14.0    16.0     7.0    17.0    14.0    13.0    15.0    15.0    17.0    13.0     8.0    11.0    13.0    12.0    16.0    15.0    14.0  -999.0  -999.0    18.0    17.0
2020 208    13.0    13.0    14.0    14.0    14.0    16.0     5.0    18.0    12.0    19.0    12.0    19.0    17.0    12.0    13.0    12.0    15.0    17.0    13.0    16.0    20.0  -999.0  -999.0    16.0    14.0
2020 209    18.0    19.0    20.0    20.0    22.0    22.0  -999.0    17.0    19.0    21.0    20.0    23.0    21.0    21.0    23.0    20.0    45.0    23.0    16.0    15.0    28.0  -999.0  -999.0    15.0    16.0
2020 210    19.0    25.0    20.0    22.0    19.0    23.0    28.0    18.0    18.0    21.0    20.0    23.0    22.0    21.0    25.0    20.0    45.0    27.0    19.0    16.0    30.0  -999.0  -999.0    14.0    17.0
2020 211    22.0    29.0    24.0    25.0    24.0    28.0  -999.0    20.0    22.0    25.0    22.0    27.0    26.0    29.0    25.0    21.0    36.0    29.0    19.0    17.0    31.0  -999.0  -999.0    14.0    17.0
2020 212    24.0    31.0    25.0    27.0    25.0    34.0    39.0    23.0    24.0    25.0    23.0    28.0    27.0    33.0    28.0    33.0    31.0    27.0    23.0    18.0    33.0  -999.0  -999.0    16.0    20.0
2020 213    24.0    20.0    24.0    24.0    28.0    33.0  -999.0    21.0    25.0    26.0    23.0    29.0    31.0    31.0    38.0    21.0    45.0    33.0    22.0    20.0    24.0  -999.0  -999.0    15.0    16.0
2020 214    23.0    28.0    22.0    28.0    33.0    36.0    13.0    29.0    23.0    24.0    22.0    28.0    28.0    33.0    21.0    22.0    27.0    27.0    22.0    23.0    29.0  -999.0  -999.0    16.0    17.0
2020 215    24.0    26.0    21.0    21.0    22.0    29.0    46.0    18.0    20.0    17.0    17.0    24.0    23.0    23.0    43.0    17.0    43.0    28.0    21.0    22.0    25.0  -999.0  -999.0    18.0    16.0
2020 216    26.0    24.0    21.0    27.0    25.0    24.0    23.0  -999.0    21.0    21.0    26.0    28.0    26.0    27.0    28.0    19.0    31.0    23.0    25.0    24.0    66.0  -999.0  -999.0    23.0    25.0
2020 217    25.0    17.0    20.0    24.0    27.0    29.0  -999.0    32.0    20.0    18.0    23.0    26.0    28.0    25.0    17.0    20.0    15.0    26.0    24.0    21.0    22.0  -999.0  -999.0    31.0    29.0
2020 218    13.0    13.0    14.0    12.0    18.0    16.0    18.0    22.0    11.0    17.0    18.0    18.0    16.0    18.0    12.0    12.0    14.0    22.0    14.0    12.0    33.0  -999.0  -999.0    21.0    15.0
2020 219    13.0    18.0    14.0    16.0    13.0    16.0     7.0    19.0    14.0    15.0    14.0    18.0    17.0    19.0    12.0    13.0    17.0    16.0    13.0    11.0    14.0  -999.0  -999.0    17.0    11.0
2020 220    17.0    28.0    22.0    21.0    13.0    18.0    17.0    25.0    19.0    19.0    19.0    27.0    24.0    26.0    19.0    19.0    25.0    25.0    16.0    18.0    25.0  -999.0  -999.0    16.0    17.0
2020 221    21.0    27.0    26.0    22.0    17.0    25.0    17.0    29.0    20.0    24.0    26.0    27.0    24.0    28.0    18.0    21.0    22.0    33.0    22.0    21.0    25.0  -999.0  -999.0    20.0    24.0
2020 222    24.0    27.0    25.0    25.0    18.0    25.0    19.0    31.0    21.0    28.0    25.0    27.0    21.0    29.0    26.0    22.0    27.0    31.0    25.0    26.0    26.0  -999.0  -999.0    21.0    21.0
2020 223    29.0    34.0    29.0    31.0    24.0    31.0    21.0    37.0    25.0    34.0    27.0    27.0    32.0    33.0    32.0    26.0    39.0    35.0    28.0    34.0    41.0  -999.0  -999.0    23.0    27.0
2020 224    32.0    45.0    31.0    30.0    22.0    28.0    20.0    28.0    24.0    33.0    30.0    32.0    32.0    32.0    32.0    30.0    36.0    35.0    27.0    30.0    38.0  -999.0  -999.0    21.0  -999.0
2020 225    24.0    25.0    24.0    24.0    18.0    25.0    15.0    26.0    27.0    24.0    20.0    26.0    27.0    28.0    28.0    28.0    30.0    28.0    27.0    23.0    33.0  -999.0  -999.0    19.0  -999.0
2020 226    23.0    22.0    26.0    25.0    20.0    29.0    15.0    23.0    21.0    25.0    24.0    24.0    24.0  -999.0    23.0    26.0    24.0    26.0    27.0    22.0    40.0  -999.0  -999.0    17.0    20.0
2020 227    25.0    25.0    24.0    27.0    32.0    34.0    24.0    22.0    22.0    23.0    27.0    24.0    29.0    30.0    52.0    23.0    60.0    31.0    23.0    21.0    31.0  -999.0  -999.0    19.0    20.0
2020 228    28.0    29.0    25.0    30.0    25.0    32.0    15.0    26.0    25.0    28.0    26.0    28.0    29.0    24.0    31.0    23.0    46.0    27.0    24.0    23.0    27.0  -999.0  -999.0    19.0    22.0
2020 229    24.0    22.0    22.0    24.0    18.0    25.0     9.0    20.0    19.0    23.0    22.0    24.0    21.0    23.0    21.0    22.0    18.0  -999.0    22.0    22.0    28.0  -999.0  -999.0    20.0    24.0
2020 230    24.0    22.0    23.0    25.0    24.0    25.0    20.0    25.0    21.0    21.0    26.0    22.0    26.0    24.0    41.0    21.0    47.0  -999.0    22.0    23.0    30.0  -999.0  -999.0    21.0    22.0
2020 231    34.0    23.0    23.0    23.0    20.0    29.0    11.0    24.0    19.0    20.0    23.0    26.0    22.0    22.0    15.0    19.0    18.0    22.0    21.0    20.0    36.0  -999.0  -999.0    19.0    19.0
2020 232  -999.0  -999.0    17.0    16.0    10.0    17.0     8.0  -999.0    15.0    17.0    19.0    17.0    17.0    18.0    12.0    15.0    15.0    16.0    20.0    14.0    27.0  -999.0  -999.0    19.0    15.0
2020 233    17.0    19.0    19.0    16.0    15.0    19.0     7.0    20.0    15.0    26.0    21.0    20.0    20.0    22.0    22.0    19.0    23.0    21.0    19.0    16.0    29.0  -999.0  -999.0    17.0    17.0
2020 234    19.0    15.0    20.0    18.0    14.0    19.0     9.0    20.0    16.0    19.0    19.0    20.0    19.0    23.0    16.0    19.0    19.0    24.0    16.0    16.0    27.0  -999.0  -999.0    15.0    17.0
2020 235    18.0    15.0    16.0    15.0    13.0    20.0    10.0    12.0    14.0    16.0    16.0    19.0    14.0    16.0    31.0    15.0    29.0    18.0    12.0    17.0    25.0  -999.0  -999.0    13.0    14.0
2020 236    17.0    18.0    19.0    24.0    19.0    18.0    14.0    25.0    16.0    20.0    18.0    21.0    19.0    20.0    27.0    18.0    36.0    21.0    20.0    21.0    36.0  -999.0  -999.0    16.0    19.0
2020 237    29.0    30.0    29.0    29.0    25.0    26.0    19.0    28.0    23.0  -999.0    23.0    29.0    31.0    27.0    51.0    25.0    54.0    32.0    26.0    28.0    49.0  -999.0  -999.0    21.0    26.0
2020 238    20.0    18.0    21.0    20.0    19.0    22.0    14.0    22.0    15.0  -999.0    19.0    20.0    26.0    14.0    22.0    17.0    26.0    21.0    17.0    23.0    32.0  -999.0  -999.0    18.0    17.0
2020 239    19.0    23.0    23.0    23.0    21.0    27.0    12.0    23.0    18.0    20.0    19.0    20.0    23.0    24.0    34.0    19.0    30.0    23.0    18.0    20.0    36.0  -999.0  -999.0    17.0    18.0
2020 240    22.0    24.0    22.0    21.0    18.0    20.0    17.0    19.0    16.0    20.0    21.0    20.0    26.0    26.0    27.0    20.0    29.0    22.0    19.0    18.0    41.0  -999.0  -999.0    16.0    19.0
2020 241    24.0    16.0    21.0    27.0    18.0    23.0    12.0    16.0    17.0    19.0    23.0    19.0    13.0    28.0    16.0    17.0    17.0    24.0    18.0    15.0    33.0  -999.0  -999.0    15.0    24.0
2020 242    23.0    21.0    19.0    24.0    22.0    21.0    19.0    20.0    18.0    22.0    22.0    26.0    17.0    31.0    22.0    19.0    20.0    30.0    20.0    18.0    47.0  -999.0  -999.0    17.0    27.0
2020 243    25.0    24.0    23.0    24.0    39.0    34.0    16.0    23.0    24.0    21.0    23.0    34.0    21.0    31.0    39.0    22.0    34.0    25.0    21.0    28.0    58.0  -999.0  -999.0    23.0    25.0
2020 244    20.0    20.0    16.0    15.0    12.0    17.0     4.0    14.0    14.0    13.0    16.0  -999.0    15.0    25.0    23.0    17.0    20.0    14.0    14.0    15.0    14.0  -999.0  -999.0    18.0    14.0
2020 245    10.0    13.0    13.0    12.0    13.0    13.0     4.0    14.0    10.0     9.0     9.0  -999.0    18.0    19.0     9.0    12.0    14.0    12.0    11.0    10.0    18.0  -999.0  -999.0    13.0    10.0
2020 246    16.0    22.0    21.0    14.0    16.0    19.0     8.0    18.0    13.0    24.0    11.0    12.0    18.0    25.0    16.0    19.0    21.0    16.0    12.0    12.0    23.0  -999.0  -999.0    12.0    14.0
2020 247    17.0    16.0    21.0    20.0    16.0    20.0     8.0    16.0    12.0    14.0    12.0    14.0    15.0    24.0    15.0    17.0    22.0    16.0    12.0    14.0    24.0  -999.0  -999.0    11.0    12.0
2020 248    17.0    23.0    22.0    19.0    14.0    19.0     5.0    16.0    15.0    16.0    13.0    17.0    19.0    24.0    14.0    19.0    20.0    18.0    15.0    18.0    26.0  -999.0  -999.0    11.0    14.0
2020 249    19.0    16.0    23.0    19.0    17.0    20.0     7.0    14.0    16.0    17.0    16.0    16.0    19.0    24.0    20.0    18.0    22.0    19.0    17.0    16.0    25.0  -999.0  -999.0    12.0    17.0
2020 250    19.0    22.0    17.0    17.0    28.0    15.0     8.0     8.0    14.0    14.0    11.0    15.0    17.0    19.0    15.0    14.0    18.0    16.0    14.0     9.0    14.0  -999.0  -999.0    11.0    15.0
2020 251    18.0    25.0    18.0    19.0    15.0    22.0     7.0     6.0    14.0    17.0    18.0    19.0    23.0    19.0    19.0    15.0    22.0    18.0    14.0    12.0    18.0  -999.0  -999.0    11.0    14.0
2020 252    21.0    28.0    23.0    23.0    25.0    27.0    14.0  -999.0    21.0    25.0    23.0    22.0    35.0    25.0    19.0    22.0    25.0    23.0    20.0    19.0    28.0  -999.0  -999.0    13.0    19.0
2020 253    28.0    35.0    31.0    29.0    34.0    34.0    21.0  -999.0    30.0    28.0    28.0    31.0    39.0    32.0    33.0    27.0    34.0    33.0    25.0    28.0    37.0  -999.0  -999.0    17.0    23.0
2020 254    33.0    32.0    35.0    32.0    32.0    39.0    28.0    29.0    37.0    33.0    31.0    41.0    35.0    32.0    39.0    31.0    42.0    36.0    31.0    28.0    33.0  -999.0  -999.0    20.0    28.0
2020 255    32.0    30.0    29.0    27.0    30.0    33.0    24.0    29.0  -999.0    24.0    27.0    30.0    28.0    29.0    34.0    26.0    37.0    29.0    24.0    26.0    37.0  -999.0  -999.0    20.0    22.0
2020 256    24.0    27.0    25.0    23.0    19.0    28.0    14.0    21.0    24.0    24.0    20.0    24.0    20.0    21.0    22.0    21.0    27.0    21.0    18.0    38.0    24.0  -999.0  -999.0    19.0    16.0
2020 257    25.0    31.0    28.0    29.0    25.0    30.0    21.0    26.0    28.0    27.0    28.0    33.0    31.0    28.0    24.0    29.0    30.0    28.0    25.0  -999.0    29.0  -999.0  -999.0    21.0    22.0
2020 258    33.0    33.0    34.0    33.0    31.0    35.0    24.0    35.0    32.0    33.0    32.0    40.0    35.0    29.0    34.0    33.0    36.0    32.0    27.0  -999.0    43.0  -999.0  -999.0    22.0    25.0
2020 259    35.0    35.0    34.0    34.0    30.0    33.0    25.0    34.0    31.0    33.0    35.0    33.0    32.0    30.0    35.0    31.0    38.0    33.0    30.0  -999.0    47.0  -999.0  -999.0    25.0    34.0
2020 260    26.0    27.0    25.0    27.0    25.0    34.0    19.0    25.0    25.0    22.0    33.0    29.0    26.0    23.0    22.0    26.0    30.0    27.0    25.0    26.0    33.0  -999.0  -999.0    22.0    23.0
2020 261    29.0    31.0    31.0    34.0    27.0    33.0    24.0    33.0    28.0    37.0    33.0    37.0    33.0    40.0    31.0    30.0    39.0    33.0    31.0    32.0    32.0  -999.0  -999.0    27.0    29.0
2020 262    34.0    36.0    38.0    39.0    35.0    41.0    27.0    31.0    33.0    30.0    35.0    38.0    39.0    46.0    34.0    32.0    42.0    36.0    30.0    31.0    33.0  -999.0  -999.0    28.0    30.0
2020 263    34.0    37.0    36.0    35.0    32.0    40.0    26.0    35.0    33.0    29.0    34.0    34.0    37.0    43.0    46.0    30.0    55.0    36.0    31.0    36.0    43.0  -999.0  -999.0    28.0    29.0
2020 264    33.0    36.0    36.0    34.0    33.0    36.0    23.0    30.0    28.0    31.0    30.0    32.0    35.0    47.0    39.0    32.0    45.0    33.0    30.0    28.0    32.0  -999.0  -999.0    29.0    30.0
2020 265    32.0    31.0    35.0    29.0    28.0    28.0    15.0    23.0    22.0    25.0    24.0    23.0    26.0    32.0    36.0    27.0    37.0    29.0    24.0    21.0    29.0  -999.0  -999.0    24.0    24.0
2020 266    19.0    17.0    20.0    17.0    14.0    18.0     8.0    10.0    15.0    19.0    14.0    13.0    17.0    25.0    15.0    15.0    22.0    15.0    14.0    11.0    17.0  -999.0  -999.0    16.0    11.0
2020 267    16.0    12.0    16.0    13.0    17.0    21.0     6.0    11.0    13.0     9.0     8.0    12.0    13.0    21.0    17.0    11.0    19.0    12.0    10.0     9.0    16.0  -999.0  -999.0    13.0    10.0
2020 268    15.0    20.0    20.0    16.0    17.0    19.0    12.0    12.0    15.0    11.0  -999.0    12.0    15.0    24.0    19.0    13.0    28.0    20.0    14.0    12.0    17.0  -999.0  -999.0    12.0    13.0
2020 269    17.0    15.0    13.0    20.0    14.0    17.0     8.0    19.0    18.0    11.0    18.0    15.0    14.0    21.0    23.0    16.0    19.0    15.0    20.0    18.0    11.0  -999.0  -999.0    21.0    26.0
2020 270    14.0    12.0    10.0    11.0    10.0    12.0     8.0    13.0    11.0     5.0    10.0     9.0    10.0    18.0  -999.0    11.0    15.0    14.0    12.0    14.0     3.0  -999.0  -999.0    30.0    17.0
2020 271    12.0     7.0     9.0     9.0    10.0    12.0  -999.0     3.0     7.0    10.0     6.0     8.0     6.0    10.0  -999.0     7.0    12.0     4.0     7.0     3.0     0.0  -999.0  -999.0    18.0     7.0
2020 272    11.0    11.0    13.0    14.0    13.0    11.0     3.0    11.0    10.0     6.0     7.0     6.0    12.0    21.0     2.0    17.0    19.0    12.0    11.0     7.0     4.0  -999.0  -999.0    13.0     9.0
2020 273    14.0    16.0    20.0    16.0    10.0    14.0     6.0    20.0    15.0    17.0    10.0    12.0    17.0    26.0    15.0    20.0    22.0    18.0    12.0    17.0    31.0  -999.0  -999.0    10.0    12.0
2020 274    20.0    20.0    23.0    20.0    17.0    18.0    10.0    19.0    20.0    22.0    13.0    14.0    22.0    27.0    25.0    21.0    29.0    21.0    17.0    13.0    21.0  -999.0  -999.0    11.0    15.0
2020 275    23.0    20.0    23.0    23.0    15.0    25.0     8.0    13.0    15.0    18.0    14.0    16.0    17.0    26.0    22.0    19.0    26.0    20.0    18.0    14.0    23.0  -999.0  -999.0    11.0    16.0
2020 276    19.0    19.0    20.0    18.0    16.0    17.0     8.0    14.0    15.0    16.0    12.0    12.0     8.0    24.0    15.0    12.0    19.0    16.0    16.0    11.0    18.0  -999.0  -999.0    10.0    13.0
2020 277    19.0    17.0    18.0    19.0    21.0    22.0    10.0    16.0    17.0    14.0    13.0    13.0    20.0    20.0    29.0    16.0    33.0    19.0    15.0    15.0    14.0  -999.0  -999.0    15.0    18.0
2020 278    12.0     8.0    14.0    13.0     9.0    13.0    10.0    16.0     8.0    11.0     9.0     9.0    11.0    19.0     9.0     8.0    10.0    10.0    10.0    13.0    20.0  -999.0  -999.0    15.0    14.0
2020 279    18.0    21.0    17.0    15.0    13.0    18.0    10.0    17.0    13.0    15.0    13.0    12.0    16.0    25.0    21.0    18.0    26.0    17.0    14.0    16.0    17.0  -999.0  -999.0    15.0    15.0
2020 280    18.0    26.0    23.0    17.0    23.0    20.0     7.0    16.0    14.0    20.0    14.0    13.0    18.0    27.0    19.0    22.0    20.0    18.0    17.0    16.0    23.0  -999.0  -999.0    14.0    14.0
2020 281    19.0    21.0    19.0    23.0    15.0    21.0     8.0    21.0    16.0    22.0    14.0    15.0    21.0    23.0    20.0    19.0    26.0    16.0    18.0    21.0    19.0  -999.0  -999.0    22.0    21.0
2020 282    13.0    13.0    16.0    16.0    13.0    18.0     3.0    11.0    13.0    12.0     8.0    12.0    17.0    24.0    10.0    17.0    18.0    16.0     9.0     9.0    15.0  -999.0  -999.0    16.0    10.0
2020 283    19.0    19.0    19.0    25.0    15.0    26.0     6.0    14.0    18.0    20.0    16.0    16.0    24.0    26.0    19.0    20.0    26.0    17.0    13.0    15.0    31.0  -999.0  -999.0    13.0    14.0
2020 284    24.0    24.0    25.0    22.0    17.0    28.0     7.0    15.0    17.0    18.0    16.0    17.0    18.0    25.0    21.0    17.0    26.0    22.0    19.0    15.0    19.0  -999.0  -999.0    12.0    18.0
2020 285    21.0    20.0    17.0    20.0     9.0    21.0    14.0    23.0    12.0    16.0    16.0    15.0    10.0    22.0    25.0    17.0    24.0    17.0    19.0    20.0    23.0  -999.0  -999.0    22.0    22.0
2020 286    18.0    14.0    17.0    17.0    10.0    15.0    11.0    11.0    17.0    10.0    20.0    12.0    13.0    18.0    13.0    11.0    20.0    17.0    16.0    18.0    14.0  -999.0  -999.0    17.0    12.0
2020 287    13.0    15.0    10.0    12.0    16.0    25.0     6.0     6.0    14.0     9.0    10.0    13.0    11.0    13.0    13.0    11.0    19.0    12.0    10.0    10.0    13.0  -999.0  -999.0    12.0    11.0
2020 288  -999.0    16.0    13.0    14.0    13.0    15.0     8.0    11.0    12.0    13.0    10.0    13.0    12.0    19.0    20.0    12.0    26.0    12.0    12.0    14.0    13.0  -999.0  -999.0    14.0    15.0
2020 289    27.0    15.0    16.0    17.0    12.0    15.0     8.0    14.0    13.0    15.0    11.0    11.0    16.0    18.0    22.0    16.0    22.0    14.0    13.0    12.0    15.0  -999.0  -999.0    16.0    18.0
2020 290    15.0    18.0    16.0    14.0    12.0    20.0     9.0    14.0    10.0    19.0    11.0    11.0    18.0    18.0    17.0    16.0    20.0    12.0    14.0    14.0    18.0  -999.0  -999.0    17.0    16.0
2020 291    15.0    17.0    16.0    18.0    13.0    26.0     8.0    13.0    12.0    14.0    10.0    12.0    20.0    23.0    16.0    19.0    20.0    17.0    14.0     9.0    15.0  -999.0  -999.0    13.0    14.0
2020 292    19.0    18.0    22.0    20.0    13.0    24.0     7.0    15.0    14.0    16.0    12.0    14.0    21.0    25.0    18.0    22.0    21.0    16.0    16.0    13.0    15.0  -999.0  -999.0    11.0    12.0
2020 293    22.0    24.0    25.0    24.0    16.0    29.0     8.0    20.0    22.0    23.0    14.0  -999.0    31.0    27.0    24.0    23.0    26.0    21.0    16.0    18.0    30.0  -999.0  -999.0    11.0    17.0
2020 294    27.0    23.0    28.0    25.0    18.0    34.0     5.0    22.0    20.0    28.0    19.0  -999.0    25.0    27.0    23.0    25.0    31.0    23.0    24.0    21.0    29.0  -999.0  -999.0    12.0    21.0
2020 295    27.0    25.0    29.0    24.0    20.0    36.0    11.0    11.0    22.0    27.0    17.0    16.0    22.0    32.0    27.0    28.0    29.0    28.0    22.0    11.0    25.0  -999.0  -999.0    14.0    19.0
2020 296    28.0    25.0    30.0    27.0    22.0    35.0     9.0    11.0    22.0    25.0    20.0    21.0    22.0    30.0    30.0    27.0    32.0    27.0    23.0    10.0    20.0  -999.0  -999.0    15.0    21.0
2020 297    29.0    23.0    27.0    21.0    27.0    37.0     9.0    13.0    22.0    21.0    17.0    20.0    20.0    23.0    26.0    19.0    29.0    24.0    18.0    12.0    22.0  -999.0  -999.0    14.0    16.0
2020 298    21.0    18.0    19.0    25.0    27.0    34.0     7.0    18.0    18.0    16.0    14.0    24.0    16.0    17.0    26.0    15.0    29.0    16.0    21.0    18.0    20.0  -999.0  -999.0    14.0    19.0
2020 299    20.0    16.0    17.0    23.0    13.0    25.0     9.0     9.0    19.0    16.0    14.0    20.0    18.0    28.0    21.0    17.0    24.0    18.0    20.0    11.0    10.0  -999.0  -999.0    13.0    16.0
2020 300    21.0    21.0    19.0    16.0    21.0    23.0    10.0    15.0    13.0    15.0    13.0    14.0    11.0    33.0    21.0    15.0    21.0    18.0    17.0    12.0    11.0  -999.0  -999.0    12.0    12.0
2020 301    18.0    17.0    17.0    20.0    16.0    25.0    11.0    19.0    17.0    13.0    15.0    18.0    22.0    43.0    26.0    22.0    26.0    21.0    21.0    17.0    14.0  -999.0  -999.0    18.0    20.0
2020 302    22.0  -999.0    20.0    17.0    19.0    24.0     6.0    11.0    24.0    18.0    12.0    18.0    26.0  -999.0    17.0    20.0    25.0    18.0    15.0     9.0    15.0  -999.0  -999.0    15.0    13.0
2020 303    27.0    23.0    28.0    27.0    15.0    24.0    11.0    18.0    24.0    26.0    17.0    24.0    31.0  -999.0    36.0    27.0    38.0    25.0    28.0    19.0    18.0  -999.0  -999.0    17.0    21.0
2020 304    35.0    27.0    35.0    35.0    26.0    34.0    12.0    20.0  -999.0    27.0    18.0    27.0    37.0    43.0    32.0    34.0    42.0    29.0    28.0    14.0    26.0  -999.0  -999.0    16.0    22.0
2020 305    35.0    29.0    31.0    29.0    27.0    36.0    12.0    13.0    26.0    29.0    18.0    27.0    32.0    35.0    28.0    28.0    38.0    27.0    28.0    17.0    26.0  -999.0  -999.0    16.0    20.0
2020 306    26.0    29.0    29.0    28.0    25.0    39.0     9.0    15.0    24.0    23.0    16.0    26.0    27.0    35.0    27.0    24.0    29.0    23.0    25.0    17.0    20.0  -999.0  -999.0    13.0    18.0
2020 307    36.0    31.0    43.0    42.0    28.0    43.0    13.0    20.0    29.0    28.0    27.0    30.0    38.0    49.0    38.0    36.0    47.0    36.0    39.0    34.0    27.0  -999.0  -999.0    16.0    25.0
2020 308    38.0    30.0    36.0    32.0    32.0    49.0    10.0    16.0    30.0    27.0    22.0    30.0    30.0    44.0    34.0    31.0    39.0    33.0    31.0    17.0    26.0  -999.0  -999.0    17.0    24.0
2020 309    38.0    37.0    43.0    40.0    40.0    52.0    16.0    25.0    30.0    31.0    33.0    31.0    39.0    47.0    38.0    34.0    44.0    36.0    40.0    22.0    32.0  -999.0  -999.0    19.0    33.0
2020 310    35.0    31.0  -999.0    38.0    28.0    48.0    19.0    18.0    31.0    34.0    23.0    34.0    41.0    37.0    29.0    32.0    35.0    34.0    31.0    14.0    24.0  -999.0  -999.0    20.0    30.0
2020 311    27.0    25.0    29.0    29.0    33.0    49.0    11.0    21.0    30.0    22.0    17.0    25.0    42.0    35.0    27.0    27.0    34.0    28.0    20.0    17.0    26.0  -999.0  -999.0    16.0    19.0
2020 312    33.0    27.0    32.0    34.0    28.0    42.0    10.0    31.0    32.0    26.0    24.0    31.0    39.0    38.0    31.0    31.0    36.0    30.0    32.0    24.0    29.0  -999.0  -999.0    17.0    23.0
2020 313    38.0    33.0    30.0    32.0    16.0    30.0     9.0    18.0    31.0    20.0    27.0    28.0    39.0    39.0    28.0    32.0    35.0    30.0    32.0    17.0    18.0  -999.0  -999.0    17.0    27.0
2020 314    38.0    33.0    40.0    41.0    29.0    53.0    15.0    24.0    31.0    26.0  -999.0    36.0    36.0    40.0    38.0    33.0    45.0    34.0    35.0    24.0    33.0  -999.0  -999.0    17.0    31.0
2020 315    48.0    37.0    50.0    49.0    43.0    64.0    24.0    26.0    46.0    37.0    34.0    43.0    50.0    51.0    50.0    41.0    54.0    43.0    44.0    30.0    67.0  -999.0  -999.0    21.0    32.0
2020 316    52.0    39.0    49.0    57.0    45.0    62.0    27.0    32.0    50.0    37.0  -999.0    53.0    55.0    59.0    48.0    46.0    59.0    52.0    44.0    39.0    39.0  -999.0  -999.0    28.0    47.0
2020 317    52.0    36.0    48.0    49.0    35.0    57.0    20.0    30.0    42.0    36.0    35.0    42.0    42.0    57.0    47.0    44.0    55.0    47.0    51.0    36.0    37.0  -999.0  -999.0    29.0    40.0
2020 318    40.0    32.0    39.0    40.0    29.0    49.0    16.0    25.0    33.0    25.0    25.0    33.0    40.0    42.0    33.0    25.0    42.0    33.0    34.0    27.0    31.0  -999.0  -999.0    26.0    29.0
2020 319    35.0    36.0    33.0    32.0    39.0    47.0    14.0    17.0    35.0    26.0    24.0    26.0    22.0    37.0    30.0    28.0    32.0    32.0    37.0    15.0    21.0  -999.0  -999.0    23.0    21.0
2020 320    29.0    26.0    32.0    30.0    23.0    38.0    17.0    16.0    25.0    31.0    20.0    24.0    19.0    35.0    26.0    24.0    33.0    28.0    26.0    15.0    24.0  -999.0  -999.0    21.0    21.0
2020 321    38.0    32.0    19.0    18.0    28.0    26.0     9.0    18.0    22.0    18.0    16.0    21.0    18.0    29.0    21.0    19.0    27.0    17.0    23.0    16.0    17.0  -999.0  -999.0    18.0    21.0
2020 322    13.0     7.0    11.0     9.0    13.0    25.0     4.0  -999.0    13.0     6.0     6.0     8.0    15.0    13.0  -999.0     6.0     9.0     7.0     8.0     5.0     3.0  -999.0  -999.0    12.0     8.0
2020 323    17.0    18.0    22.0    23.0    22.0    39.0     5.0  -999.0    23.0    11.0    11.0    23.0    25.0    28.0  -999.0    19.0    31.0    20.0  -999.0    13.0    20.0  -999.0  -999.0    11.0    14.0
2020 324    34.0    27.0    32.0    34.0    22.0    41.0     7.0    18.0    30.0    20.0    25.0    32.0    35.0    36.0    31.0    25.0    40.0    23.0  -999.0    19.0    24.0  -999.0  -999.0    12.0    26.0
2020 325    25.0    14.0    18.0    13.0    17.0    22.0     1.0     5.0    12.0    18.0     9.0    11.0    12.0    19.0    10.0    13.0    14.0    14.0    15.0     7.0     7.0  -999.0  -999.0     9.0    10.0
2020 326     6.0     8.0    10.0     9.0    13.0    17.0     8.0    12.0  -999.0     7.0     9.0     8.0    16.0     9.0     8.0     7.0     9.0    10.0    10.0    10.0    11.0  -999.0  -999.0     9.0     9.0
2020 327    11.0    17.0    16.0    15.0    17.0    29.0     8.0    12.0  -999.0    11.0    11.0    19.0    36.0    13.0    14.0    15.0    21.0    13.0    18.0     9.0    14.0  -999.0  -999.0    10.0    12.0
2020 328    28.0    30.0    36.0    31.0    25.0    45.0     9.0    24.0  -999.0    24.0    18.0    30.0    47.0    40.0    27.0    34.0    41.0    25.0    36.0    18.0    31.0  -999.0  -999.0    14.0    23.0
2020 329    49.0    38.0  -999.0    53.0    36.0    62.0     9.0    25.0  -999.0    42.0    24.0    42.0    67.0    52.0    34.0    44.0    55.0    35.0    45.0    28.0    35.0  -999.0  -999.0    21.0    34.0
2020 330    49.0    35.0  -999.0    51.0    32.0    57.0    15.0    33.0  -999.0    37.0    26.0    40.0    50.0    45.0    38.0    43.0    62.0    37.0    43.0    33.0    37.0  -999.0  -999.0    25.0    24.0
2020 331    49.0    40.0  -999.0    44.0    45.0    78.0    12.0    24.0    53.0    36.0    28.0    34.0    53.0    42.0    37.0    43.0    48.0    37.0    42.0    29.0    30.0  -999.0  -999.0    26.0    33.0
2020 332    48.0    44.0  -999.0    46.0    46.0    79.0    14.0    14.0    40.0    39.0    31.0    37.0    47.0    50.0    37.0    49.0    55.0    42.0    43.0    15.0    16.0  -999.0  -999.0    26.0    32.0
2020 333    38.0    39.0  -999.0    30.0    32.0    41.0    11.0    11.0    38.0    30.0    27.0    30.0    21.0    33.0    34.0    34.0    33.0    29.0    33.0    11.0    11.0  -999.0  -999.0    24.0    27.0
2020 334    24.0    20.0  -999.0    20.0    21.0    38.0     8.0     6.0    24.0    21.0    11.0    25.0    28.0    24.0    19.0    15.0    25.0    19.0    17.0     9.0     5.0  -999.0  -999.0    17.0    13.0
2020 335    20.0    19.0  -999.0    24.0    21.0    52.0     5.0    23.0    27.0    12.0    12.0    29.0    36.0    26.0    19.0    17.0    31.0    17.0    25.0    14.0    28.0  -999.0  -999.0    17.0    20.0
2020 336    29.0    25.0    26.0    22.0    44.0    39.0    10.0    15.0    25.0    23.0    16.0    31.0    30.0    27.0    27.0    22.0    27.0    19.0    32.0    16.0    14.0  -999.0  -999.0    16.0    20.0
2020 337    14.0    12.0    14.0    10.0    30.0    14.0     6.0    14.0    11.0     9.0    10.0    13.0    15.0    15.0    10.0     7.0    12.0    10.0    15.0    14.0    15.0  -999.0  -999.0    20.0    13.0
2020 338    17.0    18.0    24.0    24.0    12.0    41.0     7.0     7.0    24.0    10.0    11.0    24.0    25.0    20.0  -999.0    17.0    29.0    17.0    26.0     7.0    16.0  -999.0  -999.0    15.0    14.0
2020 339    26.0    20.0    27.0    22.0    25.0    32.0     7.0    11.0    16.0    20.0    15.0  -999.0     5.0    27.0    24.0    19.0    26.0    24.0    20.0     9.0     9.0  -999.0  -999.0    14.0    12.0
2020 340    17.0    12.0    23.0    18.0    29.0    16.0    16.0    28.0    13.0    13.0    15.0    15.0    14.0    30.0    20.0    19.0    21.0    19.0    19.0    28.0    26.0  -999.0  -999.0    19.0    21.0
2020 341    11.0    11.0    12.0    10.0    14.0    15.0     4.0     8.0    12.0     7.0     8.0    11.0    11.0    13.0    11.0     7.0    13.0     7.0    19.0    10.0     9.0  -999.0  -999.0    16.0    14.0
2020 342    18.0    18.0    18.0    13.0     7.0    26.0     7.0    10.0    15.0    14.0     9.0    13.0    11.0    25.0    13.0    16.0    15.0    15.0    13.0     9.0     9.0  -999.0  -999.0    16.0    13.0
2020 343    15.0  -999.0    14.0     9.0    20.0     8.0     4.0    12.0     8.0     6.0     9.0    11.0    11.0    14.0    14.0    10.0    16.0     7.0    16.0    10.0     7.0  -999.0  -999.0    17.0    13.0
2020 344    12.0  -999.0    14.0    11.0     8.0    13.0     8.0    12.0    10.0    14.0     9.0     5.0    13.0    22.0    13.0    13.0    16.0    11.0    14.0    11.0    10.0  -999.0  -999.0    15.0    14.0
2020 345    14.0  -999.0    25.0    14.0    14.0    20.0     8.0    12.0    15.0    13.0    10.0    13.0    17.0    26.0    15.0    13.0    16.0    13.0    15.0    11.0    11.0  -999.0  -999.0    14.0    11.0
2020 346    25.0  -999.0    26.0    32.0    18.0    28.0     8.0    14.0    30.0    17.0    16.0    27.0    34.0    32.0    24.0    24.0    16.0    23.0    26.0    12.0    24.0  -999.0  -999.0    12.0    17.0
2020 347    35.0    41.0    40.0    41.0    14.0    50.0     5.0  -999.0    35.0    28.0    21.0    30.0    42.0    36.0    31.0    34.0    16.0    33.0    37.0     9.0    14.0  -999.0  -999.0    15.0    25.0
2020 348    27.0    23.0    24.0    19.0    34.0  -999.0     5.0    11.0    27.0    17.0     8.0    28.0    36.0    24.0    17.0    18.0    16.0    19.0    14.0     8.0    11.0  -999.0  -999.0    13.0    13.0
2020 349    39.0    16.0    37.0    33.0    24.0  -999.0     1.0    15.0    33.0    19.0     8.0    32.0    38.0    50.0    34.0    35.0  -999.0    34.0    22.0    11.0    16.0  -999.0  -999.0    14.0    20.0
2020 350    58.0  -999.0    63.0    59.0    39.0    83.0    15.0    23.0    52.0    38.0    28.0    39.0    70.0    52.0    47.0    49.0  -999.0    47.0    53.0    16.0    25.0  -999.0  -999.0    23.0    36.0
2020 351    63.0  -999.0    60.0    50.0    47.0    86.0    12.0    24.0    41.0    47.0    28.0    32.0    53.0    58.0    46.0    54.0    71.0    55.0    49.0    15.0    23.0  -999.0  -999.0     0.0    40.0
2020 352    57.0  -999.0    54.0    58.0    57.0    94.0    10.0  -999.0    56.0    46.0    35.0    41.0    64.0    52.0    47.0    54.0    67.0    52.0    55.0    24.0    31.0  -999.0  -999.0    39.0    41.0
2020 353    63.0  -999.0    58.0    63.0    56.0    95.0    11.0  -999.0    55.0    44.0    33.0    39.0    73.0    56.0    48.0    50.0    76.0    58.0    65.0    34.0    45.0  -999.0  -999.0    37.0    45.0
2020 354    61.0  -999.0    57.0    53.0    50.0  -999.0    11.0    34.0  -999.0    49.0    33.0    41.0    67.0    54.0    55.0    51.0    67.0    52.0    62.0    26.0    32.0  -999.0  -999.0    37.0    41.0
2020 355    58.0  -999.0    55.0    55.0    55.0    89.0    12.0    33.0    48.0    40.0    33.0    42.0    70.0    57.0    46.0    46.0    61.0    51.0    57.0    26.0    33.0  -999.0  -999.0    36.0    41.0
2020 356    61.0  -999.0    59.0    68.0    46.0    85.0    15.0    31.0    52.0    47.0    32.0    47.0    63.0    64.0    58.0    53.0    75.0    64.0    55.0    32.0    38.0  -999.0  -999.0    32.0    39.0
2020 357    70.0  -999.0    70.0    71.0    52.0    70.0    11.0    23.0    53.0    47.0    41.0    55.0    56.0    71.0    58.0    55.0    85.0    65.0    80.0    17.0    20.0  -999.0  -999.0    34.0    48.0
2020 358    62.0    49.0    51.0    51.0    44.0    95.0    11.0    17.0    39.0    41.0    31.0    40.0    41.0    56.0    56.0    48.0    72.0    52.0    51.0    15.0    22.0  -999.0  -999.0    33.0    44.0
2020 359    59.0    30.0    42.0    36.0    63.0    95.0     7.0     8.0    20.0    33.0    12.0    23.0     8.0    36.0    33.0    27.0    41.0    28.0    23.0     8.0     9.0  -999.0  -999.0    21.0    13.0
2020 360    18.0    16.0    12.0    15.0    18.0    24.0    15.0    20.0    15.0    10.0    15.0    15.0    13.0    13.0    19.0    11.0    18.0    16.0    23.0    17.0    13.0  -999.0  -999.0    29.0    25.0
2020 361    11.0     8.0     7.0     9.0    14.0  -999.0     4.0     5.0    16.0  -999.0     6.0    12.0    14.0     3.0     7.0     3.0    10.0     8.0    14.0     8.0     6.0  -999.0  -999.0    20.0     8.0
2020 362    13.0     9.0    15.0    25.0     9.0    22.0     7.0     7.0    22.0  -999.0    11.0    20.0    27.0    12.0    17.0    10.0    23.0    16.0    26.0     6.0     5.0  -999.0  -999.0    16.0    14.0
2020 363    31.0    18.0    24.0    22.0    22.0    22.0    13.0    20.0    15.0  -999.0    15.0    16.0    17.0    24.0    19.0    21.0    22.0    20.0    22.0    16.0    16.0  -999.0  -999.0    22.0    21.0
2020 364    20.0    17.0    21.0    16.0    18.0    18.0    14.0    19.0    15.0    16.0    14.0    15.0    14.0    23.0    19.0    16.0    19.0    17.0    25.0    18.0    17.0  -999.0  -999.0    25.0    22.0
2020 365    21.0    19.0    23.0    19.0    17.0    21.0     7.0    13.0    14.0  -999.0    10.0    14.0    14.0    28.0    18.0    17.0    28.0    19.0    23.0    11.0    12.0  -999.0  -999.0    19.0  -999.0
2020 366    33.0    22.0    33.0    40.0    14.0    44.0     5.0    13.0    24.0  -999.0    19.0    21.0    37.0    30.0    28.0    22.0    33.0    23.0    36.0     8.0    14.0  -999.0  -999.0    24.0  -999.0
