anno  jd       2       3       5       8      10      11      14      15      16      39      40      41      45      47      48      49      55      56      57      60      83      84      85      86      87
2020   1  -999.0    50.0  -999.0    90.0  -999.0    89.0  -999.0  -999.0    52.0    50.0    34.0    59.0  -999.0  -999.0  -999.0    62.0  -999.0    60.0    71.0  -999.0  -999.0  -999.0  -999.0  -999.0    54.0
2020   2  -999.0    34.0  -999.0    58.0  -999.0  -999.0  -999.0  -999.0    40.0    44.0    28.0    38.0  -999.0  -999.0  -999.0    39.0  -999.0    46.0    48.0  -999.0  -999.0  -999.0  -999.0  -999.0    38.0
2020   3  -999.0    34.0  -999.0    55.0  -999.0    67.0  -999.0  -999.0    36.0    41.0    29.0    44.0  -999.0  -999.0  -999.0    41.0  -999.0    45.0    43.0  -999.0  -999.0  -999.0  -999.0  -999.0    33.0
2020   4  -999.0    32.0  -999.0    50.0  -999.0    58.0  -999.0  -999.0    36.0    38.0    26.0    43.0  -999.0  -999.0  -999.0    37.0  -999.0    43.0    43.0  -999.0  -999.0  -999.0  -999.0  -999.0    34.0
2020   5  -999.0    21.0  -999.0    27.0  -999.0    32.0  -999.0  -999.0    17.0    21.0    13.0    20.0  -999.0  -999.0  -999.0    22.0  -999.0    25.0    21.0  -999.0  -999.0  -999.0  -999.0  -999.0    20.0
2020   6  -999.0     7.0  -999.0    10.0  -999.0    33.0  -999.0  -999.0    11.0     7.0     7.0  -999.0  -999.0  -999.0  -999.0     6.0  -999.0     8.0    11.0  -999.0  -999.0  -999.0  -999.0  -999.0     8.0
2020   7  -999.0    24.0  -999.0    40.0  -999.0    67.0  -999.0  -999.0    29.0    23.0    21.0  -999.0  -999.0  -999.0  -999.0    25.0  -999.0    27.0    44.0  -999.0  -999.0  -999.0  -999.0  -999.0    23.0
2020   8  -999.0    38.0  -999.0    52.0  -999.0    77.0  -999.0  -999.0    36.0    35.0    23.0  -999.0  -999.0  -999.0  -999.0    37.0  -999.0    40.0    37.0  -999.0  -999.0  -999.0  -999.0  -999.0    25.0
2020   9  -999.0    39.0  -999.0    54.0  -999.0    71.0  -999.0  -999.0    38.0    43.0    30.0    41.0  -999.0  -999.0  -999.0    39.0  -999.0    43.0    65.0  -999.0  -999.0  -999.0  -999.0  -999.0    38.0
2020  10  -999.0    35.0  -999.0  -999.0  -999.0    68.0  -999.0  -999.0    44.0    39.0    34.0    39.0  -999.0  -999.0  -999.0    38.0  -999.0    42.0    41.0  -999.0  -999.0  -999.0  -999.0  -999.0    35.0
2020  11  -999.0    39.0  -999.0  -999.0  -999.0    82.0  -999.0  -999.0    39.0    42.0    27.0    41.0  -999.0  -999.0  -999.0    42.0  -999.0    47.0    47.0  -999.0  -999.0  -999.0  -999.0  -999.0    38.0
2020  12  -999.0    29.0  -999.0    46.0  -999.0    71.0  -999.0  -999.0    36.0    33.0    18.0    39.0  -999.0  -999.0  -999.0    31.0  -999.0    36.0    36.0  -999.0  -999.0  -999.0  -999.0  -999.0    28.0
2020  13  -999.0    26.0  -999.0    49.0  -999.0    61.0  -999.0  -999.0    31.0    32.0    23.0    33.0  -999.0  -999.0  -999.0    33.0  -999.0    36.0    46.0  -999.0  -999.0  -999.0  -999.0  -999.0    37.0
2020  14  -999.0    36.0  -999.0    40.0  -999.0    78.0  -999.0  -999.0    24.0    37.0    29.0    34.0  -999.0  -999.0  -999.0    36.0  -999.0    40.0    38.0  -999.0  -999.0  -999.0  -999.0  -999.0    37.0
2020  15  -999.0    38.0  -999.0    48.0  -999.0    83.0  -999.0  -999.0    33.0    35.0    28.0    37.0  -999.0  -999.0  -999.0    36.0  -999.0    40.0    39.0  -999.0  -999.0  -999.0  -999.0  -999.0    40.0
2020  16  -999.0    40.0  -999.0    49.0  -999.0    71.0  -999.0  -999.0    39.0    42.0    31.0    40.0  -999.0  -999.0  -999.0    42.0  -999.0    45.0    54.0  -999.0  -999.0  -999.0  -999.0  -999.0    32.0
2020  17  -999.0    37.0  -999.0    45.0  -999.0    64.0  -999.0  -999.0    42.0    38.0    27.0    44.0  -999.0  -999.0  -999.0    38.0  -999.0    38.0    34.0  -999.0  -999.0  -999.0  -999.0  -999.0    35.0
2020  18  -999.0    27.0  -999.0    24.0  -999.0    63.0  -999.0  -999.0    26.0    26.0    11.0    45.0  -999.0  -999.0  -999.0    21.0  -999.0    23.0    18.0  -999.0  -999.0  -999.0  -999.0  -999.0    11.0
2020  19  -999.0    13.0  -999.0    23.0  -999.0    33.0  -999.0  -999.0    15.0    17.0     7.0    23.0  -999.0  -999.0  -999.0    16.0  -999.0    17.0    15.0  -999.0  -999.0  -999.0  -999.0  -999.0    13.0
2020  20  -999.0    10.0  -999.0    14.0  -999.0    25.0  -999.0  -999.0    22.0     5.0     7.0    16.0  -999.0  -999.0  -999.0     9.0  -999.0    11.0     9.0  -999.0  -999.0  -999.0  -999.0  -999.0     7.0
2020  21  -999.0    20.0  -999.0    21.0  -999.0    54.0  -999.0  -999.0    29.0    17.0    16.0    26.0  -999.0  -999.0  -999.0    18.0  -999.0    19.0    20.0  -999.0  -999.0  -999.0  -999.0  -999.0    15.0
2020  22  -999.0    29.0  -999.0    35.0  -999.0    55.0  -999.0  -999.0    31.0    27.0    20.0    28.0  -999.0  -999.0  -999.0    30.0  -999.0    29.0    38.0  -999.0  -999.0  -999.0  -999.0  -999.0    29.0
2020  23  -999.0    33.0  -999.0    47.0  -999.0    66.0  -999.0  -999.0    16.0    32.0    34.0    33.0  -999.0  -999.0  -999.0    35.0  -999.0    40.0    43.0  -999.0  -999.0  -999.0  -999.0  -999.0    37.0
2020  24  -999.0    39.0  -999.0    45.0  -999.0    70.0  -999.0  -999.0    37.0    41.0    34.0    36.0  -999.0  -999.0  -999.0    37.0  -999.0    44.0    42.0  -999.0  -999.0  -999.0  -999.0  -999.0    39.0
2020  25  -999.0    20.0  -999.0    24.0  -999.0    37.0  -999.0  -999.0    24.0    20.0    16.0    25.0  -999.0  -999.0  -999.0    22.0  -999.0    24.0    28.0  -999.0  -999.0  -999.0  -999.0  -999.0    21.0
2020  26  -999.0    18.0  -999.0    23.0  -999.0    32.0  -999.0  -999.0    23.0    23.0    16.0    27.0  -999.0  -999.0  -999.0    18.0  -999.0    22.0    18.0  -999.0  -999.0  -999.0  -999.0  -999.0    18.0
2020  27  -999.0    19.0  -999.0    31.0  -999.0    39.0  -999.0  -999.0    23.0    21.0    16.0    27.0  -999.0  -999.0  -999.0    19.0  -999.0    27.0    26.0  -999.0  -999.0  -999.0  -999.0  -999.0    23.0
2020  28  -999.0    13.0  -999.0    10.0  -999.0    29.0  -999.0  -999.0    12.0     7.0     6.0    10.0  -999.0  -999.0  -999.0     7.0  -999.0    10.0    11.0  -999.0  -999.0  -999.0  -999.0  -999.0     7.0
2020  29  -999.0    13.0  -999.0    14.0  -999.0    21.0  -999.0  -999.0    13.0    13.0     8.0    19.0  -999.0  -999.0  -999.0    13.0  -999.0    15.0    13.0  -999.0  -999.0  -999.0  -999.0  -999.0    14.0
2020  30  -999.0    19.0  -999.0    26.0  -999.0    33.0  -999.0  -999.0    16.0    20.0     9.0    23.0  -999.0  -999.0  -999.0    16.0  -999.0    18.0    20.0  -999.0  -999.0  -999.0  -999.0  -999.0    12.0
2020  31  -999.0    24.0  -999.0    26.0  -999.0    50.0  -999.0  -999.0    22.0    23.0    11.0    27.0  -999.0  -999.0  -999.0    23.0  -999.0    22.0    18.0  -999.0  -999.0  -999.0  -999.0  -999.0    13.0
2020  32  -999.0    44.0  -999.0    35.0  -999.0    75.0  -999.0  -999.0    31.0    43.0    22.0    45.0  -999.0  -999.0  -999.0    43.0  -999.0    39.0    32.0  -999.0  -999.0  -999.0  -999.0  -999.0    29.0
2020  33  -999.0    27.0  -999.0    25.0  -999.0    33.0  -999.0  -999.0    15.0    24.0    13.0    19.0  -999.0  -999.0  -999.0    24.0  -999.0    18.0    18.0  -999.0  -999.0  -999.0  -999.0  -999.0    15.0
2020  34  -999.0    16.0  -999.0    22.0  -999.0    35.0  -999.0  -999.0    14.0    17.0     8.0    18.0  -999.0  -999.0  -999.0    14.0  -999.0    18.0    15.0  -999.0  -999.0  -999.0  -999.0  -999.0    11.0
2020  35  -999.0    11.0  -999.0    20.0  -999.0    25.0  -999.0  -999.0    16.0    13.0    10.0    16.0  -999.0  -999.0  -999.0     6.0  -999.0    11.0    11.0  -999.0  -999.0  -999.0  -999.0  -999.0    14.0
2020  36  -999.0     4.0  -999.0  -999.0  -999.0  -999.0  -999.0  -999.0     4.0     3.0  -999.0     5.0  -999.0  -999.0  -999.0     2.0  -999.0     4.0     5.0  -999.0  -999.0  -999.0  -999.0  -999.0     8.0
2020  37  -999.0    10.0  -999.0  -999.0  -999.0    20.0  -999.0  -999.0     6.0     4.0  -999.0    10.0  -999.0  -999.0  -999.0     8.0  -999.0     7.0     6.0  -999.0  -999.0  -999.0  -999.0  -999.0     7.0
2020  38  -999.0    20.0  -999.0    24.0  -999.0    40.0  -999.0  -999.0    20.0    14.0  -999.0    21.0  -999.0  -999.0  -999.0    18.0  -999.0    15.0    16.0  -999.0  -999.0  -999.0  -999.0  -999.0    13.0
2020  39  -999.0    38.0  -999.0    36.0  -999.0    59.0  -999.0  -999.0    28.0    29.0    27.0    29.0  -999.0  -999.0  -999.0    34.0  -999.0    31.0    50.0  -999.0  -999.0  -999.0  -999.0  -999.0    36.0
2020  40  -999.0    27.0  -999.0    30.0  -999.0    55.0  -999.0  -999.0    17.0    25.0    20.0    22.0  -999.0  -999.0  -999.0    33.0  -999.0    26.0    26.0  -999.0  -999.0  -999.0  -999.0  -999.0    28.0
2020  41  -999.0    11.0  -999.0    15.0  -999.0    45.0  -999.0  -999.0    10.0    13.0     8.0    16.0  -999.0  -999.0  -999.0     9.0  -999.0    12.0    13.0  -999.0  -999.0  -999.0  -999.0  -999.0    11.0
2020  42  -999.0     6.0  -999.0    15.0  -999.0    31.0  -999.0  -999.0    15.0    12.0    10.0    18.0  -999.0  -999.0  -999.0     7.0  -999.0    15.0    18.0  -999.0  -999.0  -999.0  -999.0  -999.0    16.0
2020  43  -999.0     8.0  -999.0    26.0  -999.0    20.0  -999.0  -999.0    17.0    15.0    13.0    20.0  -999.0  -999.0  -999.0    13.0  -999.0    22.0    21.0  -999.0  -999.0  -999.0  -999.0  -999.0    19.0
2020  44  -999.0    14.0  -999.0    19.0  -999.0    34.0  -999.0  -999.0    15.0    16.0    12.0    18.0  -999.0  -999.0  -999.0    13.0  -999.0    16.0    19.0  -999.0  -999.0  -999.0  -999.0  -999.0    15.0
2020  45  -999.0    10.0  -999.0     9.0  -999.0    23.0  -999.0  -999.0     8.0     7.0     7.0    10.0  -999.0  -999.0  -999.0     8.0  -999.0     8.0     9.0  -999.0  -999.0  -999.0  -999.0  -999.0     8.0
2020  46  -999.0    16.0  -999.0    18.0  -999.0    32.0  -999.0  -999.0    16.0    13.0    10.0    18.0  -999.0  -999.0  -999.0    17.0  -999.0    18.0    17.0  -999.0  -999.0  -999.0  -999.0  -999.0    22.0
2020  47  -999.0    25.0  -999.0    31.0  -999.0    42.0  -999.0  -999.0    25.0    24.0    20.0    23.0  -999.0  -999.0  -999.0    27.0  -999.0    27.0    27.0  -999.0  -999.0  -999.0  -999.0  -999.0    29.0
2020  48  -999.0    21.0  -999.0    34.0  -999.0    38.0  -999.0  -999.0    26.0    19.0    14.0    25.0  -999.0  -999.0  -999.0    24.0  -999.0    23.0    24.0  -999.0  -999.0  -999.0  -999.0  -999.0    27.0
2020  49  -999.0    18.0  -999.0    27.0  -999.0    28.0  -999.0  -999.0    15.0    19.0    15.0    18.0  -999.0  -999.0  -999.0    18.0  -999.0    21.0    24.0  -999.0  -999.0  -999.0  -999.0  -999.0    23.0
2020  50  -999.0    15.0  -999.0    21.0  -999.0    18.0  -999.0  -999.0    18.0    18.0    12.0    21.0  -999.0  -999.0  -999.0    19.0  -999.0  -999.0    20.0  -999.0  -999.0  -999.0  -999.0  -999.0    17.0
2020  51  -999.0    12.0  -999.0    18.0  -999.0    19.0  -999.0  -999.0    15.0    10.0    12.0    17.0  -999.0  -999.0  -999.0    13.0  -999.0    13.0    13.0  -999.0  -999.0  -999.0  -999.0  -999.0    13.0
2020  52  -999.0    15.0  -999.0    26.0  -999.0    28.0  -999.0  -999.0    17.0    14.0    15.0    18.0  -999.0  -999.0  -999.0    16.0  -999.0    18.0    16.0  -999.0  -999.0  -999.0  -999.0  -999.0    17.0
2020  53  -999.0    24.0  -999.0    23.0  -999.0    28.0  -999.0  -999.0    21.0    20.0    19.0    22.0  -999.0  -999.0  -999.0    23.0  -999.0    21.0    21.0  -999.0  -999.0  -999.0  -999.0  -999.0    17.0
2020  54  -999.0    25.0  -999.0    26.0  -999.0    29.0  -999.0  -999.0    18.0    23.0    21.0    25.0  -999.0  -999.0  -999.0    25.0  -999.0    21.0    29.0  -999.0  -999.0  -999.0  -999.0  -999.0    21.0
2020  55  -999.0    13.0  -999.0    17.0  -999.0    27.0  -999.0  -999.0    10.0    15.0    15.0    17.0  -999.0  -999.0  -999.0    18.0  -999.0    15.0    17.0  -999.0  -999.0  -999.0  -999.0  -999.0    12.0
2020  56  -999.0     6.0  -999.0    15.0  -999.0    29.0  -999.0  -999.0    13.0     9.0     9.0    20.0  -999.0  -999.0  -999.0     3.0  -999.0     9.0    10.0  -999.0  -999.0  -999.0  -999.0  -999.0     8.0
2020  57  -999.0     2.0  -999.0     8.0  -999.0    17.0  -999.0  -999.0    10.0     6.0    11.0     9.0  -999.0  -999.0  -999.0  -999.0  -999.0     7.0     8.0  -999.0  -999.0  -999.0  -999.0  -999.0     9.0
2020  58  -999.0     6.0  -999.0     8.0  -999.0     9.0  -999.0  -999.0     7.0     5.0     4.0    10.0  -999.0  -999.0  -999.0     2.0  -999.0     8.0     6.0  -999.0  -999.0  -999.0  -999.0  -999.0     5.0
2020  59  -999.0     7.0  -999.0     6.0  -999.0    15.0  -999.0  -999.0     9.0  -999.0     7.0    10.0  -999.0  -999.0  -999.0     7.0  -999.0     8.0     8.0  -999.0  -999.0  -999.0  -999.0  -999.0     8.0
2020  60  -999.0    13.0  -999.0    11.0  -999.0    22.0  -999.0  -999.0    13.0  -999.0     8.0    12.0  -999.0  -999.0  -999.0    12.0  -999.0     9.0    10.0  -999.0  -999.0  -999.0  -999.0  -999.0     5.0
2020  61  -999.0    11.0  -999.0     0.0  -999.0    15.0  -999.0  -999.0    11.0     8.0     7.0    12.0  -999.0  -999.0  -999.0     9.0  -999.0    10.0    10.0  -999.0  -999.0  -999.0  -999.0  -999.0     9.0
2020  62  -999.0     5.0  -999.0  -999.0  -999.0     7.0  -999.0  -999.0     5.0     5.0     5.0     6.0  -999.0  -999.0  -999.0     5.0  -999.0     6.0     7.0  -999.0  -999.0  -999.0  -999.0  -999.0     6.0
2020  63  -999.0     4.0  -999.0     7.0  -999.0     9.0  -999.0  -999.0     7.0     7.0     8.0     9.0  -999.0  -999.0  -999.0     4.0  -999.0     8.0    11.0  -999.0  -999.0  -999.0  -999.0  -999.0    12.0
2020  64  -999.0     8.0  -999.0     7.0  -999.0    13.0  -999.0  -999.0    10.0     8.0     6.0    11.0  -999.0  -999.0  -999.0     7.0  -999.0     9.0     8.0  -999.0  -999.0  -999.0  -999.0  -999.0     9.0
2020  65  -999.0     7.0  -999.0    10.0  -999.0    17.0  -999.0  -999.0    10.0     6.0     6.0    10.0  -999.0  -999.0  -999.0     9.0  -999.0     5.0     7.0  -999.0  -999.0  -999.0  -999.0  -999.0     7.0
2020  66  -999.0     8.0  -999.0     6.0  -999.0     9.0  -999.0  -999.0     7.0     4.0     5.0     7.0  -999.0  -999.0  -999.0     7.0  -999.0     7.0     7.0  -999.0  -999.0  -999.0  -999.0  -999.0     6.0
2020  67  -999.0    11.0  -999.0     7.0  -999.0    12.0  -999.0  -999.0     7.0     7.0     7.0     8.0  -999.0  -999.0  -999.0    10.0  -999.0     9.0     8.0  -999.0  -999.0  -999.0  -999.0  -999.0     6.0
2020  68  -999.0     7.0  -999.0     8.0  -999.0    12.0  -999.0  -999.0    11.0     6.0     5.0    10.0  -999.0  -999.0  -999.0     7.0  -999.0     3.0     7.0  -999.0  -999.0  -999.0  -999.0  -999.0     6.0
2020  69  -999.0    11.0  -999.0    14.0  -999.0    20.0  -999.0  -999.0    11.0     8.0     7.0    12.0  -999.0  -999.0  -999.0    11.0  -999.0     6.0     9.0  -999.0  -999.0  -999.0  -999.0  -999.0     8.0
2020  70  -999.0    17.0  -999.0    15.0  -999.0    22.0  -999.0  -999.0    16.0    13.0     9.0    18.0  -999.0  -999.0  -999.0    18.0  -999.0    12.0    12.0  -999.0  -999.0  -999.0  -999.0  -999.0     9.0
2020  71  -999.0    19.0  -999.0    21.0  -999.0    26.0  -999.0  -999.0    17.0    16.0    13.0    19.0  -999.0  -999.0  -999.0    19.0  -999.0  -999.0    21.0  -999.0  -999.0  -999.0  -999.0  -999.0    14.0
2020  72  -999.0    14.0  -999.0    16.0  -999.0    20.0  -999.0  -999.0    15.0    13.0    13.0    16.0  -999.0  -999.0  -999.0    12.0  -999.0     8.0    20.0  -999.0  -999.0  -999.0  -999.0  -999.0    18.0
2020  73  -999.0    16.0  -999.0    25.0  -999.0    33.0  -999.0  -999.0    15.0    20.0    15.0    15.0  -999.0  -999.0  -999.0    18.0  -999.0    13.0    24.0  -999.0  -999.0  -999.0  -999.0  -999.0    21.0
2020  74  -999.0    15.0  -999.0  -999.0  -999.0    32.0  -999.0  -999.0    22.0    16.0    11.0    18.0  -999.0  -999.0  -999.0    11.0  -999.0     6.0    18.0  -999.0  -999.0  -999.0  -999.0  -999.0    14.0
2020  75  -999.0     9.0  -999.0    12.0  -999.0    27.0  -999.0  -999.0    15.0    10.0    13.0    15.0  -999.0  -999.0  -999.0     1.0  -999.0     6.0    15.0  -999.0  -999.0  -999.0  -999.0  -999.0    11.0
2020  76  -999.0    15.0  -999.0  -999.0  -999.0    21.0  -999.0  -999.0    17.0    15.0    14.0    22.0  -999.0  -999.0  -999.0    15.0  -999.0     7.0    17.0  -999.0  -999.0  -999.0  -999.0  -999.0    13.0
2020  77  -999.0    20.0  -999.0  -999.0  -999.0    30.0  -999.0  -999.0    22.0    20.0    19.0    26.0  -999.0  -999.0  -999.0    21.0  -999.0    12.0    21.0  -999.0  -999.0  -999.0  -999.0  -999.0    19.0
2020  78  -999.0    25.0  -999.0  -999.0  -999.0    34.0  -999.0  -999.0    21.0    24.0    24.0    29.0  -999.0  -999.0  -999.0    26.0  -999.0    13.0    32.0  -999.0  -999.0  -999.0  -999.0  -999.0    30.0
2020  79  -999.0    25.0  -999.0    19.0  -999.0    38.0  -999.0  -999.0    26.0    19.0    27.0    28.0  -999.0  -999.0  -999.0    26.0  -999.0    14.0    35.0  -999.0  -999.0  -999.0  -999.0  -999.0    28.0
2020  80  -999.0    20.0  -999.0    19.0  -999.0    40.0  -999.0  -999.0    31.0    25.0    25.0    28.0  -999.0  -999.0  -999.0    22.0  -999.0    14.0    31.0  -999.0  -999.0  -999.0  -999.0  -999.0    25.0
2020  81  -999.0    20.0  -999.0  -999.0  -999.0    40.0  -999.0  -999.0    30.0    27.0    28.0    34.0  -999.0  -999.0  -999.0    23.0  -999.0    10.0    87.0  -999.0  -999.0  -999.0  -999.0  -999.0    23.0
2020  82  -999.0    24.0  -999.0  -999.0  -999.0    38.0  -999.0  -999.0    25.0    27.0    27.0    30.0  -999.0  -999.0  -999.0    24.0  -999.0    13.0    31.0  -999.0  -999.0  -999.0  -999.0  -999.0    28.0
2020  83  -999.0    12.0  -999.0  -999.0  -999.0    19.0  -999.0  -999.0    12.0    10.0    20.0    16.0  -999.0  -999.0  -999.0     8.0  -999.0     4.0    11.0  -999.0  -999.0  -999.0  -999.0  -999.0     9.0
2020  84  -999.0    10.0  -999.0     5.0  -999.0    15.0  -999.0  -999.0     8.0     7.0    10.0    10.0  -999.0  -999.0  -999.0     8.0  -999.0     5.0    12.0  -999.0  -999.0  -999.0  -999.0  -999.0     8.0
2020  85  -999.0     8.0  -999.0     0.0  -999.0    20.0  -999.0  -999.0    10.0     6.0     6.0    14.0  -999.0  -999.0  -999.0     4.0  -999.0     2.0     8.0  -999.0  -999.0  -999.0  -999.0  -999.0     6.0
2020  86  -999.0     4.0  -999.0  -999.0  -999.0    10.0  -999.0  -999.0    12.0     5.0     5.0    12.0  -999.0  -999.0  -999.0     2.0  -999.0     2.0  -999.0  -999.0  -999.0  -999.0  -999.0  -999.0     5.0
2020  87  -999.0     3.0  -999.0     4.0  -999.0    12.0  -999.0  -999.0    11.0     8.0     4.0    15.0  -999.0  -999.0  -999.0     2.0  -999.0     2.0    10.0  -999.0  -999.0  -999.0  -999.0  -999.0     3.0
2020  88  -999.0    10.0  -999.0    10.0  -999.0    18.0  -999.0  -999.0    15.0    14.0    12.0    20.0  -999.0  -999.0  -999.0    11.0  -999.0     4.0    16.0  -999.0  -999.0  -999.0  -999.0  -999.0    10.0
2020  89  -999.0    19.0  -999.0    13.0  -999.0    19.0  -999.0  -999.0    17.0    21.0    19.0    21.0  -999.0  -999.0  -999.0    19.0  -999.0  -999.0    27.0  -999.0  -999.0  -999.0  -999.0  -999.0    17.0
2020  90  -999.0    19.0  -999.0    13.0  -999.0    14.0  -999.0  -999.0    19.0    18.0    17.0    20.0  -999.0  -999.0  -999.0    21.0  -999.0  -999.0    22.0  -999.0  -999.0  -999.0  -999.0  -999.0    18.0
2020  91  -999.0    10.0  -999.0     8.0  -999.0    18.0  -999.0  -999.0     8.0     8.0    11.0    11.0  -999.0  -999.0  -999.0    11.0  -999.0  -999.0    14.0  -999.0  -999.0  -999.0  -999.0  -999.0    11.0
2020  92  -999.0     8.0  -999.0  -999.0  -999.0    10.0  -999.0  -999.0    11.0     8.0     9.0    10.0  -999.0  -999.0  -999.0     8.0  -999.0  -999.0    11.0  -999.0  -999.0  -999.0  -999.0  -999.0     8.0
2020  93  -999.0    11.0  -999.0    13.0  -999.0    17.0  -999.0  -999.0    16.0    11.0    12.0    16.0  -999.0  -999.0  -999.0    12.0  -999.0    10.0    33.0  -999.0  -999.0  -999.0  -999.0  -999.0     9.0
2020  94  -999.0    16.0  -999.0    17.0  -999.0    25.0  -999.0  -999.0    18.0    18.0    15.0    18.0  -999.0  -999.0  -999.0    17.0  -999.0    15.0    33.0  -999.0  -999.0  -999.0  -999.0  -999.0    14.0
2020  95  -999.0    13.0  -999.0    14.0  -999.0    25.0  -999.0  -999.0    15.0    14.0    15.0    16.0  -999.0  -999.0  -999.0    14.0  -999.0    12.0    15.0  -999.0  -999.0  -999.0  -999.0  -999.0    12.0
2020  96  -999.0    15.0  -999.0    14.0  -999.0    20.0  -999.0  -999.0    13.0    14.0    16.0    15.0  -999.0  -999.0  -999.0    13.0  -999.0    11.0    16.0  -999.0  -999.0  -999.0  -999.0  -999.0    14.0
2020  97  -999.0    20.0  -999.0     0.0  -999.0    23.0  -999.0  -999.0    20.0    14.0    19.0    19.0  -999.0  -999.0  -999.0    18.0  -999.0    14.0    19.0  -999.0  -999.0  -999.0  -999.0  -999.0    16.0
2020  98  -999.0    23.0  -999.0  -999.0  -999.0    26.0  -999.0  -999.0    21.0    21.0    22.0    22.0  -999.0  -999.0  -999.0    22.0  -999.0    18.0    27.0  -999.0  -999.0  -999.0  -999.0  -999.0    24.0
2020  99  -999.0    23.0  -999.0    25.0  -999.0    34.0  -999.0  -999.0    30.0    24.0    25.0    28.0  -999.0  -999.0  -999.0    25.0  -999.0    23.0    28.0  -999.0  -999.0  -999.0  -999.0  -999.0    24.0
2020 100  -999.0    20.0  -999.0    27.0  -999.0    31.0  -999.0  -999.0    24.0    23.0    21.0    26.0  -999.0  -999.0  -999.0    25.0  -999.0    21.0    29.0  -999.0  -999.0  -999.0  -999.0  -999.0    19.0
2020 101  -999.0    18.0  -999.0    24.0  -999.0    27.0  -999.0  -999.0    25.0    21.0    23.0    24.0  -999.0  -999.0  -999.0    20.0  -999.0    18.0    26.0  -999.0  -999.0  -999.0  -999.0  -999.0    19.0
2020 102  -999.0    18.0  -999.0    24.0  -999.0    30.0  -999.0  -999.0    23.0    21.0    23.0    24.0  -999.0  -999.0  -999.0    18.0  -999.0    18.0    25.0  -999.0  -999.0  -999.0  -999.0  -999.0    21.0
2020 103  -999.0    17.0  -999.0    23.0  -999.0    26.0  -999.0  -999.0    20.0    18.0    20.0    21.0  -999.0  -999.0  -999.0    17.0  -999.0    17.0    23.0  -999.0  -999.0  -999.0  -999.0  -999.0    20.0
2020 104  -999.0    15.0  -999.0    22.0  -999.0    28.0  -999.0  -999.0    22.0    15.0    18.0    20.0  -999.0  -999.0  -999.0    16.0  -999.0    15.0    18.0  -999.0  -999.0  -999.0  -999.0  -999.0    13.0
2020 105  -999.0    12.0  -999.0    17.0  -999.0    24.0  -999.0  -999.0    14.0    12.0    14.0    17.0  -999.0  -999.0  -999.0    12.0  -999.0    13.0    16.0  -999.0  -999.0  -999.0  -999.0  -999.0    12.0
2020 106  -999.0     7.0  -999.0     7.0  -999.0     8.0  -999.0  -999.0     7.0     5.0     9.0     6.0  -999.0  -999.0  -999.0     6.0  -999.0     5.0     9.0  -999.0  -999.0  -999.0  -999.0  -999.0     5.0
2020 107  -999.0     9.0  -999.0  -999.0  -999.0    15.0  -999.0  -999.0    12.0     9.0    10.0    10.0  -999.0  -999.0  -999.0    10.0  -999.0     8.0    11.0  -999.0  -999.0  -999.0  -999.0  -999.0    10.0
2020 108  -999.0  -999.0  -999.0  -999.0  -999.0  -999.0  -999.0  -999.0    11.0     9.0  -999.0     9.0  -999.0  -999.0  -999.0    11.0  -999.0     8.0    11.0  -999.0  -999.0  -999.0  -999.0  -999.0    10.0
2020 109  -999.0  -999.0  -999.0     9.0  -999.0    16.0  -999.0  -999.0    12.0     7.0  -999.0     9.0  -999.0  -999.0  -999.0     7.0  -999.0     6.0     7.0  -999.0  -999.0  -999.0  -999.0  -999.0     7.0
2020 110  -999.0  -999.0  -999.0    12.0  -999.0    19.0  -999.0  -999.0    13.0    11.0  -999.0    14.0  -999.0  -999.0  -999.0     5.0  -999.0     7.0    11.0  -999.0  -999.0  -999.0  -999.0  -999.0     7.0
2020 111  -999.0  -999.0  -999.0     9.0  -999.0    10.0  -999.0  -999.0     9.0     9.0  -999.0    10.0  -999.0  -999.0  -999.0     5.0  -999.0     8.0    11.0  -999.0  -999.0  -999.0  -999.0  -999.0     9.0
2020 112  -999.0     6.0  -999.0    10.0  -999.0     7.0  -999.0  -999.0     6.0     6.0    11.0     7.0  -999.0  -999.0  -999.0     2.0  -999.0     3.0     7.0  -999.0  -999.0  -999.0  -999.0  -999.0     7.0
2020 113  -999.0     7.0  -999.0     6.0  -999.0     6.0  -999.0  -999.0     6.0     6.0     6.0     7.0  -999.0  -999.0  -999.0     4.0  -999.0     5.0     3.0  -999.0  -999.0  -999.0  -999.0  -999.0     5.0
2020 114  -999.0     5.0  -999.0     8.0  -999.0    10.0  -999.0  -999.0     7.0     6.0     4.0     7.0  -999.0  -999.0  -999.0     8.0  -999.0     3.0     6.0  -999.0  -999.0  -999.0  -999.0  -999.0     7.0
2020 115  -999.0    13.0  -999.0    14.0  -999.0    12.0  -999.0  -999.0     9.0    11.0    12.0    11.0  -999.0  -999.0  -999.0    14.0  -999.0    11.0    12.0  -999.0  -999.0  -999.0  -999.0  -999.0     9.0
2020 116  -999.0    11.0  -999.0    11.0  -999.0    14.0  -999.0  -999.0     9.0    10.0     9.0    12.0  -999.0  -999.0  -999.0    12.0  -999.0    12.0    13.0  -999.0  -999.0  -999.0  -999.0  -999.0     9.0
2020 117  -999.0     5.0  -999.0    10.0  -999.0     8.0  -999.0  -999.0     8.0     5.0     6.0     7.0  -999.0  -999.0  -999.0     6.0  -999.0     5.0     8.0  -999.0  -999.0  -999.0  -999.0  -999.0     5.0
2020 118  -999.0     8.0  -999.0    10.0  -999.0    15.0  -999.0  -999.0     8.0    11.0     8.0     8.0  -999.0  -999.0  -999.0     7.0  -999.0     8.0    10.0  -999.0  -999.0  -999.0  -999.0  -999.0     8.0
2020 119  -999.0    10.0  -999.0    10.0  -999.0     9.0  -999.0  -999.0     8.0     8.0     6.0    10.0  -999.0  -999.0  -999.0     7.0  -999.0     9.0     9.0  -999.0  -999.0  -999.0  -999.0  -999.0     7.0
2020 120  -999.0     7.0  -999.0     6.0  -999.0     7.0  -999.0  -999.0     6.0     5.0     5.0     6.0  -999.0  -999.0  -999.0     5.0  -999.0     5.0     6.0  -999.0  -999.0  -999.0  -999.0  -999.0     3.0
2020 121  -999.0     9.0  -999.0     7.0  -999.0     8.0  -999.0  -999.0     7.0     6.0     6.0     8.0  -999.0  -999.0  -999.0  -999.0  -999.0     4.0  -999.0  -999.0  -999.0  -999.0  -999.0  -999.0     6.0
2020 122  -999.0     5.0  -999.0     5.0  -999.0    15.0  -999.0  -999.0     4.0     6.0     5.0     6.0  -999.0  -999.0  -999.0     4.0  -999.0     6.0  -999.0  -999.0  -999.0  -999.0  -999.0  -999.0     5.0
2020 123  -999.0     5.0  -999.0     6.0  -999.0     9.0  -999.0  -999.0     5.0     6.0     7.0     7.0  -999.0  -999.0  -999.0     5.0  -999.0     5.0     8.0  -999.0  -999.0  -999.0  -999.0  -999.0     6.0
2020 124  -999.0     7.0  -999.0     7.0  -999.0     6.0  -999.0  -999.0     7.0     9.0     7.0     7.0  -999.0  -999.0  -999.0     6.0  -999.0     5.0     7.0  -999.0  -999.0  -999.0  -999.0  -999.0     5.0
2020 125  -999.0     6.0  -999.0     7.0  -999.0     7.0  -999.0  -999.0     8.0     6.0     7.0     6.0  -999.0  -999.0  -999.0     6.0  -999.0     5.0     6.0  -999.0  -999.0  -999.0  -999.0  -999.0     5.0
2020 126  -999.0     8.0  -999.0     9.0  -999.0    12.0  -999.0  -999.0     7.0     9.0     7.0     7.0  -999.0  -999.0  -999.0     6.0  -999.0     7.0     9.0  -999.0  -999.0  -999.0  -999.0  -999.0     8.0
2020 127  -999.0    10.0  -999.0     8.0  -999.0     9.0  -999.0  -999.0     9.0     8.0     7.0     8.0  -999.0  -999.0  -999.0     8.0  -999.0     9.0     8.0  -999.0  -999.0  -999.0  -999.0  -999.0     5.0
2020 128  -999.0    10.0  -999.0     9.0  -999.0     7.0  -999.0  -999.0    10.0    10.0    12.0     7.0  -999.0  -999.0  -999.0     7.0  -999.0     8.0     8.0  -999.0  -999.0  -999.0  -999.0  -999.0     7.0
2020 129  -999.0     9.0  -999.0    10.0  -999.0    12.0  -999.0  -999.0    10.0     9.0     7.0     9.0  -999.0  -999.0  -999.0     7.0  -999.0     8.0    10.0  -999.0  -999.0  -999.0  -999.0  -999.0     6.0
2020 130  -999.0    10.0  -999.0    11.0  -999.0    17.0  -999.0  -999.0    10.0    13.0    10.0    10.0  -999.0  -999.0  -999.0    10.0  -999.0     8.0    10.0  -999.0  -999.0  -999.0  -999.0  -999.0     8.0
2020 131  -999.0     6.0  -999.0    12.0  -999.0    11.0  -999.0  -999.0    11.0    11.0     9.0    10.0  -999.0  -999.0  -999.0     7.0  -999.0     8.0    10.0  -999.0  -999.0  -999.0  -999.0  -999.0     8.0
2020 132  -999.0     7.0  -999.0     8.0  -999.0     9.0  -999.0  -999.0     8.0     8.0     8.0     9.0  -999.0  -999.0  -999.0     4.0  -999.0     9.0     9.0  -999.0  -999.0  -999.0  -999.0  -999.0     5.0
2020 133  -999.0     7.0  -999.0     6.0  -999.0     7.0  -999.0  -999.0     6.0     8.0     6.0     6.0  -999.0  -999.0  -999.0     5.0  -999.0     6.0     8.0  -999.0  -999.0  -999.0  -999.0  -999.0     6.0
2020 134  -999.0    15.0  -999.0    15.0  -999.0    14.0  -999.0  -999.0    12.0    21.0    17.0    15.0  -999.0  -999.0  -999.0     6.0  -999.0    21.0    16.0  -999.0  -999.0  -999.0  -999.0  -999.0    13.0
2020 135  -999.0    20.0  -999.0    19.0  -999.0    17.0  -999.0  -999.0    15.0    17.0    17.0    17.0  -999.0  -999.0  -999.0  -999.0  -999.0    20.0    18.0  -999.0  -999.0  -999.0  -999.0  -999.0    13.0
2020 136  -999.0     9.0  -999.0    10.0  -999.0     9.0  -999.0  -999.0     7.0  -999.0     8.0     8.0  -999.0  -999.0  -999.0  -999.0  -999.0     9.0     7.0  -999.0  -999.0  -999.0  -999.0  -999.0     6.0
2020 137  -999.0    11.0  -999.0    13.0  -999.0    13.0  -999.0  -999.0     9.0    15.0    17.0    16.0  -999.0  -999.0  -999.0  -999.0  -999.0    12.0    14.0  -999.0  -999.0  -999.0  -999.0  -999.0    12.0
2020 138  -999.0    16.0  -999.0    15.0  -999.0    18.0  -999.0  -999.0    12.0    18.0    11.0    16.0  -999.0  -999.0  -999.0  -999.0  -999.0    16.0    15.0  -999.0  -999.0  -999.0  -999.0  -999.0    12.0
2020 139  -999.0  -999.0  -999.0    15.0  -999.0    12.0  -999.0  -999.0    12.0    16.0    15.0    16.0  -999.0  -999.0  -999.0  -999.0  -999.0    14.0    17.0  -999.0  -999.0  -999.0  -999.0  -999.0    12.0
2020 140  -999.0     8.0  -999.0  -999.0  -999.0    12.0  -999.0  -999.0     7.0    10.0     9.0     9.0  -999.0  -999.0  -999.0     6.0  -999.0     8.0     8.0  -999.0  -999.0  -999.0  -999.0  -999.0     6.0
2020 141  -999.0     6.0  -999.0    14.0  -999.0     8.0  -999.0  -999.0     5.0     7.0  -999.0     7.0  -999.0  -999.0  -999.0     6.0  -999.0     7.0     7.0  -999.0  -999.0  -999.0  -999.0  -999.0     7.0
2020 142  -999.0     7.0  -999.0     8.0  -999.0    14.0  -999.0  -999.0     7.0    12.0    14.0  -999.0  -999.0  -999.0  -999.0     8.0  -999.0     8.0     9.0  -999.0  -999.0  -999.0  -999.0  -999.0    14.0
2020 143  -999.0    10.0  -999.0     9.0  -999.0    11.0  -999.0  -999.0     8.0    11.0    10.0     9.0  -999.0  -999.0  -999.0    12.0  -999.0    11.0    10.0  -999.0  -999.0  -999.0  -999.0  -999.0     8.0
2020 144  -999.0    12.0  -999.0     8.0  -999.0    12.0  -999.0  -999.0     7.0    12.0     9.0     8.0  -999.0  -999.0  -999.0    13.0  -999.0     8.0    10.0  -999.0  -999.0  -999.0  -999.0  -999.0     7.0
2020 145  -999.0    12.0  -999.0     8.0  -999.0    10.0  -999.0  -999.0     7.0    12.0     8.0     8.0  -999.0  -999.0  -999.0    15.0  -999.0     8.0     9.0  -999.0  -999.0  -999.0  -999.0  -999.0     5.0
2020 146  -999.0     8.0  -999.0     9.0  -999.0    16.0  -999.0  -999.0     7.0    10.0    10.0     8.0  -999.0  -999.0  -999.0    11.0  -999.0     5.0     9.0  -999.0  -999.0  -999.0  -999.0  -999.0     8.0
2020 147  -999.0     5.0  -999.0     6.0  -999.0     8.0  -999.0  -999.0     3.0    11.0    11.0     8.0  -999.0  -999.0  -999.0     4.0  -999.0     6.0     8.0  -999.0  -999.0  -999.0  -999.0  -999.0     6.0
2020 148  -999.0     4.0  -999.0     4.0  -999.0  -999.0  -999.0  -999.0     4.0     7.0     8.0     6.0  -999.0  -999.0  -999.0     5.0  -999.0     6.0     5.0  -999.0  -999.0  -999.0  -999.0  -999.0     4.0
2020 149  -999.0     4.0  -999.0     8.0  -999.0    11.0  -999.0  -999.0     6.0     8.0     8.0    12.0  -999.0  -999.0  -999.0     4.0  -999.0     6.0     8.0  -999.0  -999.0  -999.0  -999.0  -999.0     4.0
2020 150  -999.0     6.0  -999.0     9.0  -999.0     8.0  -999.0  -999.0     7.0     7.0     6.0     7.0  -999.0  -999.0  -999.0  -999.0  -999.0     8.0    10.0  -999.0  -999.0  -999.0  -999.0  -999.0     7.0
2020 151  -999.0     5.0  -999.0     8.0  -999.0     7.0  -999.0  -999.0     6.0     6.0     7.0     6.0  -999.0  -999.0  -999.0     7.0  -999.0     6.0    10.0  -999.0  -999.0  -999.0  -999.0  -999.0     6.0
2020 152  -999.0     5.0  -999.0    13.0  -999.0     8.0  -999.0  -999.0     6.0     9.0     8.0     7.0  -999.0  -999.0  -999.0     6.0  -999.0     5.0     8.0  -999.0  -999.0  -999.0  -999.0  -999.0     8.0
2020 153  -999.0     7.0  -999.0     8.0  -999.0    14.0  -999.0  -999.0     7.0     7.0     8.0     8.0  -999.0  -999.0  -999.0     7.0  -999.0     8.0    10.0  -999.0  -999.0  -999.0  -999.0  -999.0     7.0
2020 154  -999.0     8.0  -999.0     8.0  -999.0     9.0  -999.0  -999.0     8.0     8.0     7.0     7.0  -999.0  -999.0  -999.0     6.0  -999.0     6.0     8.0  -999.0  -999.0  -999.0  -999.0  -999.0     7.0
2020 155  -999.0     7.0  -999.0     6.0  -999.0     9.0  -999.0  -999.0     7.0     9.0     6.0     8.0  -999.0  -999.0  -999.0     6.0  -999.0     6.0     9.0  -999.0  -999.0  -999.0  -999.0  -999.0     5.0
2020 156  -999.0     5.0  -999.0     8.0  -999.0     8.0  -999.0  -999.0     6.0    10.0    10.0     9.0  -999.0  -999.0  -999.0     1.0  -999.0     7.0     9.0  -999.0  -999.0  -999.0  -999.0  -999.0     8.0
2020 157  -999.0     6.0  -999.0    11.0  -999.0    11.0  -999.0  -999.0     6.0     5.0     6.0     7.0  -999.0  -999.0  -999.0     5.0  -999.0     6.0     7.0  -999.0  -999.0  -999.0  -999.0  -999.0     7.0
2020 158  -999.0     9.0  -999.0     6.0  -999.0     8.0  -999.0  -999.0     7.0     7.0     7.0     6.0  -999.0  -999.0  -999.0     5.0  -999.0     6.0     8.0  -999.0  -999.0  -999.0  -999.0  -999.0     7.0
2020 159  -999.0     7.0  -999.0     8.0  -999.0     7.0  -999.0  -999.0     5.0     8.0     7.0     6.0  -999.0  -999.0  -999.0     6.0  -999.0     4.0     6.0  -999.0  -999.0  -999.0  -999.0  -999.0     5.0
2020 160  -999.0     7.0  -999.0     8.0  -999.0     5.0  -999.0  -999.0     6.0     6.0     5.0     6.0  -999.0  -999.0  -999.0     7.0  -999.0     4.0     7.0  -999.0  -999.0  -999.0  -999.0  -999.0     4.0
2020 161  -999.0     9.0  -999.0     5.0  -999.0    11.0  -999.0  -999.0     4.0     6.0     6.0     5.0  -999.0  -999.0  -999.0     6.0  -999.0     4.0     7.0  -999.0  -999.0  -999.0  -999.0  -999.0     5.0
2020 162  -999.0     7.0  -999.0     9.0  -999.0     6.0  -999.0  -999.0     4.0     5.0     6.0     5.0  -999.0  -999.0  -999.0     5.0  -999.0     5.0     7.0  -999.0  -999.0  -999.0  -999.0  -999.0     5.0
2020 163  -999.0     6.0  -999.0     6.0  -999.0     5.0  -999.0  -999.0     4.0     5.0     5.0     5.0  -999.0  -999.0  -999.0     6.0  -999.0     6.0     7.0  -999.0  -999.0  -999.0  -999.0  -999.0     5.0
2020 164  -999.0     7.0  -999.0     6.0  -999.0     7.0  -999.0  -999.0     4.0     6.0     5.0     5.0  -999.0  -999.0  -999.0     6.0  -999.0     4.0     6.0  -999.0  -999.0  -999.0  -999.0  -999.0     5.0
2020 165  -999.0    12.0  -999.0     8.0  -999.0    12.0  -999.0  -999.0     5.0     8.0     6.0     7.0  -999.0  -999.0  -999.0     9.0  -999.0     8.0     9.0  -999.0  -999.0  -999.0  -999.0  -999.0     5.0
2020 166  -999.0     9.0  -999.0     6.0  -999.0     6.0  -999.0  -999.0     4.0     5.0     5.0     5.0  -999.0  -999.0  -999.0     6.0  -999.0     3.0     8.0  -999.0  -999.0  -999.0  -999.0  -999.0     6.0
2020 167  -999.0     9.0  -999.0     6.0  -999.0     6.0  -999.0  -999.0     5.0     5.0     6.0     5.0  -999.0  -999.0  -999.0     7.0  -999.0     5.0     7.0  -999.0  -999.0  -999.0  -999.0  -999.0     5.0
2020 168  -999.0     7.0  -999.0     5.0  -999.0     6.0  -999.0  -999.0     4.0     5.0     7.0  -999.0  -999.0  -999.0  -999.0     6.0  -999.0     5.0     8.0  -999.0  -999.0  -999.0  -999.0  -999.0     5.0
2020 169  -999.0    10.0  -999.0     6.0  -999.0    12.0  -999.0  -999.0     5.0     8.0     8.0     7.0  -999.0  -999.0  -999.0     8.0  -999.0     8.0     8.0  -999.0  -999.0  -999.0  -999.0  -999.0     6.0
2020 170  -999.0     8.0  -999.0     5.0  -999.0     7.0  -999.0  -999.0     5.0     5.0     5.0     7.0  -999.0  -999.0  -999.0     6.0  -999.0     6.0     6.0  -999.0  -999.0  -999.0  -999.0  -999.0     5.0
2020 171  -999.0     9.0  -999.0     7.0  -999.0     7.0  -999.0  -999.0     6.0     7.0     7.0     7.0  -999.0  -999.0  -999.0     9.0  -999.0     5.0     7.0  -999.0  -999.0  -999.0  -999.0  -999.0     7.0
2020 172  -999.0     6.0  -999.0     8.0  -999.0     7.0  -999.0  -999.0     7.0     6.0     8.0     7.0  -999.0  -999.0  -999.0     7.0  -999.0     5.0     8.0  -999.0  -999.0  -999.0  -999.0  -999.0     7.0
2020 173  -999.0     5.0  -999.0     6.0  -999.0    12.0  -999.0  -999.0     6.0     6.0     6.0     7.0  -999.0  -999.0  -999.0     4.0  -999.0     5.0     6.0  -999.0  -999.0  -999.0  -999.0  -999.0     6.0
2020 174  -999.0     6.0  -999.0     0.0  -999.0     8.0  -999.0  -999.0     5.0     5.0     7.0     6.0  -999.0  -999.0  -999.0     3.0  -999.0     2.0     6.0  -999.0  -999.0  -999.0  -999.0  -999.0     6.0
2020 175  -999.0     8.0  -999.0  -999.0  -999.0    11.0  -999.0  -999.0     7.0     0.0    10.0     8.0  -999.0  -999.0  -999.0     6.0  -999.0     5.0     8.0  -999.0  -999.0  -999.0  -999.0  -999.0    10.0
2020 176  -999.0    11.0  -999.0     9.0  -999.0    12.0  -999.0  -999.0     9.0  -999.0     8.0     9.0  -999.0  -999.0  -999.0     9.0  -999.0    10.0     9.0  -999.0  -999.0  -999.0  -999.0  -999.0     8.0
2020 177  -999.0    15.0  -999.0    10.0  -999.0    24.0  -999.0  -999.0     9.0    10.0     8.0    10.0  -999.0  -999.0  -999.0    11.0  -999.0    10.0    10.0  -999.0  -999.0  -999.0  -999.0  -999.0     8.0
2020 178  -999.0    12.0  -999.0    10.0  -999.0    12.0  -999.0  -999.0    11.0    10.0     8.0    11.0  -999.0  -999.0  -999.0     7.0  -999.0     8.0  -999.0  -999.0  -999.0  -999.0  -999.0  -999.0     8.0
2020 179  -999.0    11.0  -999.0    14.0  -999.0    13.0  -999.0  -999.0    11.0    10.0     9.0    13.0  -999.0  -999.0  -999.0     8.0  -999.0     9.0    10.0  -999.0  -999.0  -999.0  -999.0  -999.0     9.0
2020 180  -999.0    11.0  -999.0    11.0  -999.0    14.0  -999.0  -999.0     9.0    11.0    10.0    12.0  -999.0  -999.0  -999.0     7.0  -999.0    12.0    14.0  -999.0  -999.0  -999.0  -999.0  -999.0     6.0
2020 181  -999.0     9.0  -999.0    10.0  -999.0    15.0  -999.0  -999.0    12.0    10.0     9.0    11.0  -999.0  -999.0  -999.0     8.0  -999.0    11.0    10.0  -999.0  -999.0  -999.0  -999.0  -999.0     7.0
2020 182  -999.0    10.0  -999.0     9.0  -999.0    11.0  -999.0  -999.0     8.0     8.0     7.0    10.0  -999.0  -999.0  -999.0     8.0  -999.0    13.0     9.0  -999.0  -999.0  -999.0  -999.0  -999.0     7.0
2020 183  -999.0    12.0  -999.0    10.0  -999.0    11.0  -999.0  -999.0    11.0     9.0     9.0    11.0  -999.0  -999.0  -999.0     7.0  -999.0    10.0    11.0  -999.0  -999.0  -999.0  -999.0  -999.0     8.0
2020 184  -999.0    12.0  -999.0     0.0  -999.0    14.0  -999.0  -999.0    11.0    10.0     9.0    12.0  -999.0  -999.0  -999.0     9.0  -999.0    12.0    11.0  -999.0  -999.0  -999.0  -999.0  -999.0     8.0
2020 185  -999.0    12.0  -999.0  -999.0  -999.0    13.0  -999.0  -999.0    11.0    10.0    10.0    13.0  -999.0  -999.0  -999.0    10.0  -999.0    13.0    11.0  -999.0  -999.0  -999.0  -999.0  -999.0     8.0
2020 186  -999.0    11.0  -999.0     8.0  -999.0    11.0  -999.0  -999.0     9.0     7.0     8.0    10.0  -999.0  -999.0  -999.0     9.0  -999.0     8.0    10.0  -999.0  -999.0  -999.0  -999.0  -999.0     9.0
2020 187  -999.0     5.0  -999.0     7.0  -999.0     9.0  -999.0  -999.0     7.0     6.0     7.0     9.0  -999.0  -999.0  -999.0     5.0  -999.0     3.0     7.0  -999.0  -999.0  -999.0  -999.0  -999.0     6.0
2020 188  -999.0     8.0  -999.0    10.0  -999.0    12.0  -999.0  -999.0     8.0     8.0     6.0    10.0  -999.0  -999.0  -999.0     9.0  -999.0     9.0     8.0  -999.0  -999.0  -999.0  -999.0  -999.0     6.0
2020 189  -999.0    11.0  -999.0     9.0  -999.0    15.0  -999.0  -999.0    10.0     9.0     9.0    12.0  -999.0  -999.0  -999.0    10.0  -999.0    11.0    10.0  -999.0  -999.0  -999.0  -999.0  -999.0     6.0
2020 190  -999.0    10.0  -999.0     9.0  -999.0    11.0  -999.0  -999.0    10.0     7.0     7.0    10.0  -999.0  -999.0  -999.0     7.0  -999.0    10.0    10.0  -999.0  -999.0  -999.0  -999.0  -999.0     6.0
2020 191  -999.0    13.0  -999.0     0.0  -999.0    12.0  -999.0  -999.0    11.0    10.0     9.0    13.0  -999.0  -999.0  -999.0    11.0  -999.0     8.0  -999.0  -999.0  -999.0  -999.0  -999.0  -999.0     9.0
2020 192  -999.0    15.0  -999.0  -999.0  -999.0    13.0  -999.0  -999.0    12.0    12.0    11.0    14.0  -999.0  -999.0  -999.0    10.0  -999.0    12.0  -999.0  -999.0  -999.0  -999.0  -999.0  -999.0     8.0
2020 193  -999.0    11.0  -999.0  -999.0  -999.0    16.0  -999.0  -999.0     9.0    11.0     2.0    12.0  -999.0  -999.0  -999.0     9.0  -999.0    11.0     9.0  -999.0  -999.0  -999.0  -999.0  -999.0  -999.0
2020 194  -999.0    10.0  -999.0  -999.0  -999.0    11.0  -999.0  -999.0    11.0    10.0     9.0    11.0  -999.0  -999.0  -999.0    10.0  -999.0    10.0    10.0  -999.0  -999.0  -999.0  -999.0  -999.0  -999.0
2020 195  -999.0     3.0  -999.0  -999.0  -999.0    10.0  -999.0  -999.0     7.0     7.0     6.0     8.0  -999.0  -999.0  -999.0     5.0  -999.0     5.0     6.0  -999.0  -999.0  -999.0  -999.0  -999.0  -999.0
2020 196  -999.0     9.0  -999.0    12.0  -999.0     9.0  -999.0  -999.0     9.0    11.0    24.0    13.0  -999.0  -999.0  -999.0     7.0  -999.0    12.0     7.0  -999.0  -999.0  -999.0  -999.0  -999.0     6.0
2020 197  -999.0    10.0  -999.0    11.0  -999.0    12.0  -999.0  -999.0     8.0    10.0     8.0     9.0  -999.0  -999.0  -999.0     8.0  -999.0    10.0    10.0  -999.0  -999.0  -999.0  -999.0  -999.0     9.0
2020 198  -999.0     8.0  -999.0    10.0  -999.0     9.0  -999.0  -999.0     8.0    10.0     8.0     8.0  -999.0  -999.0  -999.0     8.0  -999.0    12.0     9.0  -999.0  -999.0  -999.0  -999.0  -999.0     9.0
2020 199  -999.0    11.0  -999.0     9.0  -999.0     8.0  -999.0  -999.0     7.0     9.0    10.0     9.0  -999.0  -999.0  -999.0    10.0  -999.0    12.0     9.0  -999.0  -999.0  -999.0  -999.0  -999.0     9.0
2020 200  -999.0     4.0  -999.0     6.0  -999.0     7.0  -999.0  -999.0     8.0     5.0     6.0     6.0  -999.0  -999.0  -999.0     5.0  -999.0     4.0     6.0  -999.0  -999.0  -999.0  -999.0  -999.0     5.0
2020 201  -999.0     4.0  -999.0     6.0  -999.0    10.0  -999.0  -999.0  -999.0     5.0     3.0     5.0  -999.0  -999.0  -999.0     4.0  -999.0     3.0     4.0  -999.0  -999.0  -999.0  -999.0  -999.0     7.0
2020 202  -999.0    12.0  -999.0    15.0  -999.0     9.0  -999.0  -999.0  -999.0     8.0     7.0     8.0  -999.0  -999.0  -999.0     7.0  -999.0    11.0     7.0  -999.0  -999.0  -999.0  -999.0  -999.0     6.0
2020 203  -999.0    13.0  -999.0    14.0  -999.0    12.0  -999.0  -999.0  -999.0     9.0     9.0    10.0  -999.0  -999.0  -999.0    10.0  -999.0    10.0    11.0  -999.0  -999.0  -999.0  -999.0  -999.0     9.0
2020 204  -999.0    13.0  -999.0    13.0  -999.0    16.0  -999.0  -999.0  -999.0    11.0     9.0    13.0  -999.0  -999.0  -999.0    15.0  -999.0    16.0    10.0  -999.0  -999.0  -999.0  -999.0  -999.0     8.0
2020 205  -999.0    13.0  -999.0    12.0  -999.0    17.0  -999.0  -999.0  -999.0    10.0     7.0    12.0  -999.0  -999.0  -999.0     6.0  -999.0    15.0    10.0  -999.0  -999.0  -999.0  -999.0  -999.0     8.0
2020 206  -999.0     8.0  -999.0     9.0  -999.0    11.0  -999.0  -999.0     9.0     9.0     7.0    11.0  -999.0  -999.0  -999.0     5.0  -999.0    11.0     8.0  -999.0  -999.0  -999.0  -999.0  -999.0     7.0
2020 207  -999.0     4.0  -999.0     8.0  -999.0     8.0  -999.0  -999.0     8.0     6.0     6.0     9.0  -999.0  -999.0  -999.0     5.0  -999.0     4.0     8.0  -999.0  -999.0  -999.0  -999.0  -999.0     7.0
2020 208  -999.0     8.0  -999.0    10.0  -999.0     9.0  -999.0  -999.0     7.0     8.0     6.0    10.0  -999.0  -999.0  -999.0     8.0  -999.0     8.0     8.0  -999.0  -999.0  -999.0  -999.0  -999.0     8.0
2020 209  -999.0    12.0  -999.0    14.0  -999.0    12.0  -999.0  -999.0    10.0     9.0     6.0     9.0  -999.0  -999.0  -999.0    10.0  -999.0     9.0     9.0  -999.0  -999.0  -999.0  -999.0  -999.0     8.0
2020 210  -999.0    12.0  -999.0    10.0  -999.0    11.0  -999.0  -999.0    10.0     9.0     9.0    11.0  -999.0  -999.0  -999.0     9.0  -999.0    13.0    10.0  -999.0  -999.0  -999.0  -999.0  -999.0     8.0
2020 211  -999.0    15.0  -999.0    15.0  -999.0    14.0  -999.0  -999.0     9.0    11.0     9.0    13.0  -999.0  -999.0  -999.0    12.0  -999.0    12.0    10.0  -999.0  -999.0  -999.0  -999.0  -999.0     9.0
2020 212  -999.0    16.0  -999.0    16.0  -999.0    15.0  -999.0  -999.0    12.0    12.0     8.0    14.0  -999.0  -999.0  -999.0    20.0  -999.0    13.0    11.0  -999.0  -999.0  -999.0  -999.0  -999.0     9.0
2020 213  -999.0    12.0  -999.0    13.0  -999.0    16.0  -999.0  -999.0    13.0    10.0     9.0    14.0  -999.0  -999.0  -999.0    11.0  -999.0    15.0    11.0  -999.0  -999.0  -999.0  -999.0  -999.0    10.0
2020 214  -999.0    11.0  -999.0    17.0  -999.0    18.0  -999.0  -999.0    13.0    12.0    11.0    15.0  -999.0  -999.0  -999.0    12.0  -999.0    11.0    11.0  -999.0  -999.0  -999.0  -999.0  -999.0     9.0
2020 215  -999.0     9.0  -999.0    15.0  -999.0    16.0  -999.0  -999.0    12.0    10.0     9.0    15.0  -999.0  -999.0  -999.0     9.0  -999.0    16.0    12.0  -999.0  -999.0  -999.0  -999.0  -999.0    10.0
2020 216  -999.0     9.0  -999.0    11.0  -999.0    12.0  -999.0  -999.0    11.0     8.0    15.0    13.0  -999.0  -999.0  -999.0     5.0  -999.0     6.0    10.0  -999.0  -999.0  -999.0  -999.0  -999.0     9.0
2020 217  -999.0     3.0  -999.0    10.0  -999.0    11.0  -999.0  -999.0     6.0     5.0     5.0     9.0  -999.0  -999.0  -999.0     3.0  -999.0     4.0     6.0  -999.0  -999.0  -999.0  -999.0  -999.0     6.0
2020 218  -999.0     4.0  -999.0     4.0  -999.0     6.0  -999.0  -999.0     5.0     5.0     5.0     7.0  -999.0  -999.0  -999.0     5.0  -999.0     7.0     5.0  -999.0  -999.0  -999.0  -999.0  -999.0     5.0
2020 219  -999.0     7.0  -999.0     4.0  -999.0     7.0  -999.0  -999.0     7.0     4.0     4.0     8.0  -999.0  -999.0  -999.0     7.0  -999.0     4.0     5.0  -999.0  -999.0  -999.0  -999.0  -999.0     4.0
2020 220  -999.0    14.0  -999.0    11.0  -999.0    10.0  -999.0  -999.0     9.0     9.0     9.0    13.0  -999.0  -999.0  -999.0    12.0  -999.0    11.0    10.0  -999.0  -999.0  -999.0  -999.0  -999.0     8.0
2020 221  -999.0    15.0  -999.0    15.0  -999.0    18.0  -999.0  -999.0    13.0    11.0    10.0    15.0  -999.0  -999.0  -999.0    13.0  -999.0    13.0    13.0  -999.0  -999.0  -999.0  -999.0  -999.0    13.0
2020 222  -999.0    16.0  -999.0    21.0  -999.0    16.0  -999.0  -999.0    13.0    16.0    14.0    16.0  -999.0  -999.0  -999.0    13.0  -999.0    16.0    15.0  -999.0  -999.0  -999.0  -999.0  -999.0    12.0
2020 223  -999.0    18.0  -999.0    17.0  -999.0    20.0  -999.0  -999.0    16.0    16.0    14.0    17.0  -999.0  -999.0  -999.0    15.0  -999.0    19.0    17.0  -999.0  -999.0  -999.0  -999.0  -999.0    15.0
2020 224  -999.0    25.0  -999.0    21.0  -999.0    16.0  -999.0  -999.0    17.0    20.0    15.0    20.0  -999.0  -999.0  -999.0    24.0  -999.0    22.0    18.0  -999.0  -999.0  -999.0  -999.0  -999.0  -999.0
2020 225  -999.0    16.0  -999.0    14.0  -999.0    15.0  -999.0  -999.0    18.0    17.0    11.0    16.0  -999.0  -999.0  -999.0    20.0  -999.0    17.0    19.0  -999.0  -999.0  -999.0  -999.0  -999.0  -999.0
2020 226  -999.0    14.0  -999.0    14.0  -999.0    16.0  -999.0  -999.0    14.0    14.0    12.0    15.0  -999.0  -999.0  -999.0    17.0  -999.0    12.0    17.0  -999.0  -999.0  -999.0  -999.0  -999.0    11.0
2020 227  -999.0    13.0  -999.0    19.0  -999.0    21.0  -999.0  -999.0    13.0    12.0    11.0    15.0  -999.0  -999.0  -999.0    12.0  -999.0    17.0    13.0  -999.0  -999.0  -999.0  -999.0  -999.0    11.0
2020 228  -999.0    12.0  -999.0    18.0  -999.0    16.0  -999.0  -999.0    13.0    13.0    14.0    16.0  -999.0  -999.0  -999.0    12.0  -999.0    14.0    15.0  -999.0  -999.0  -999.0  -999.0  -999.0    13.0
2020 229  -999.0    11.0  -999.0    14.0  -999.0    13.0  -999.0  -999.0    12.0    13.0    10.0    13.0  -999.0  -999.0  -999.0    14.0  -999.0  -999.0    12.0  -999.0  -999.0  -999.0  -999.0  -999.0    12.0
2020 230  -999.0    11.0  -999.0    11.0  -999.0    12.0  -999.0  -999.0    11.0    10.0    11.0    11.0  -999.0  -999.0  -999.0     9.0  -999.0  -999.0    11.0  -999.0  -999.0  -999.0  -999.0  -999.0    10.0
2020 231  -999.0     8.0  -999.0    18.0  -999.0    15.0  -999.0  -999.0     8.0     9.0     9.0    12.0  -999.0  -999.0  -999.0     7.0  -999.0     6.0    10.0  -999.0  -999.0  -999.0  -999.0  -999.0     8.0
2020 232  -999.0     8.0  -999.0     7.0  -999.0     8.0  -999.0  -999.0     7.0     8.0     8.0     8.0  -999.0  -999.0  -999.0     7.0  -999.0     5.0     8.0  -999.0  -999.0  -999.0  -999.0  -999.0     7.0
2020 233  -999.0    11.0  -999.0     9.0  -999.0    10.0  -999.0  -999.0     9.0    10.0     9.0    10.0  -999.0  -999.0  -999.0    10.0  -999.0    10.0    10.0  -999.0  -999.0  -999.0  -999.0  -999.0     8.0
2020 234  -999.0    12.0  -999.0    13.0  -999.0    10.0  -999.0  -999.0     9.0    10.0     9.0    11.0  -999.0  -999.0  -999.0    10.0  -999.0    10.0     9.0  -999.0  -999.0  -999.0  -999.0  -999.0     9.0
2020 235  -999.0     9.0  -999.0    10.0  -999.0    13.0  -999.0  -999.0     8.0     6.0     7.0     9.0  -999.0  -999.0  -999.0  -999.0  -999.0     8.0     7.0  -999.0  -999.0  -999.0  -999.0  -999.0     7.0
2020 236  -999.0     8.0  -999.0    10.0  -999.0    11.0  -999.0  -999.0     8.0    11.0     6.0    10.0  -999.0  -999.0  -999.0     8.0  -999.0     9.0     9.0  -999.0  -999.0  -999.0  -999.0  -999.0     9.0
2020 237  -999.0     8.0  -999.0    11.0  -999.0     9.0  -999.0  -999.0     7.0     8.0     7.0     9.0  -999.0  -999.0  -999.0     6.0  -999.0     8.0     9.0  -999.0  -999.0  -999.0  -999.0  -999.0     7.0
2020 238  -999.0     8.0  -999.0    10.0  -999.0     9.0  -999.0  -999.0     8.0     8.0     8.0    10.0  -999.0  -999.0  -999.0     7.0  -999.0     9.0     9.0  -999.0  -999.0  -999.0  -999.0  -999.0     7.0
2020 239  -999.0    10.0  -999.0    11.0  -999.0    14.0  -999.0  -999.0    10.0     9.0     8.0    10.0  -999.0  -999.0  -999.0    11.0  -999.0     8.0    10.0  -999.0  -999.0  -999.0  -999.0  -999.0     8.0
2020 240  -999.0     9.0  -999.0    10.0  -999.0     8.0  -999.0  -999.0     4.0     8.0    10.0     9.0  -999.0  -999.0  -999.0     8.0  -999.0     7.0     9.0  -999.0  -999.0  -999.0  -999.0  -999.0     8.0
2020 241  -999.0     8.0  -999.0    11.0  -999.0    10.0  -999.0  -999.0     8.0     8.0     9.0    10.0  -999.0  -999.0  -999.0     7.0  -999.0     8.0     9.0  -999.0  -999.0  -999.0  -999.0  -999.0     6.0
2020 242  -999.0     6.0  -999.0    15.0  -999.0    11.0  -999.0  -999.0    10.0    11.0    13.0    16.0  -999.0  -999.0  -999.0     7.0  -999.0    10.0    10.0  -999.0  -999.0  -999.0  -999.0  -999.0    10.0
2020 243  -999.0  -999.0  -999.0    10.0  -999.0    21.0  -999.0  -999.0    15.0    11.0     9.0    24.0  -999.0  -999.0  -999.0     7.0  -999.0    11.0    10.0  -999.0  -999.0  -999.0  -999.0  -999.0     9.0
2020 244  -999.0  -999.0  -999.0     6.0  -999.0     6.0  -999.0  -999.0     5.0     4.0     8.0  -999.0  -999.0  -999.0  -999.0     6.0  -999.0     6.0     6.0  -999.0  -999.0  -999.0  -999.0  -999.0     4.0
2020 245  -999.0     5.0  -999.0     4.0  -999.0     5.0  -999.0  -999.0     3.0     5.0     5.0  -999.0  -999.0  -999.0  -999.0     8.0  -999.0     2.0     4.0  -999.0  -999.0  -999.0  -999.0  -999.0     4.0
2020 246  -999.0    10.0  -999.0     6.0  -999.0     7.0  -999.0  -999.0     6.0     6.0     5.0     6.0  -999.0  -999.0  -999.0     8.0  -999.0     6.0     6.0  -999.0  -999.0  -999.0  -999.0  -999.0     6.0
2020 247  -999.0    11.0  -999.0     7.0  -999.0     9.0  -999.0  -999.0     6.0     6.0     5.0     7.0  -999.0  -999.0  -999.0     8.0  -999.0     6.0     6.0  -999.0  -999.0  -999.0  -999.0  -999.0     6.0
2020 248  -999.0    14.0  -999.0    12.0  -999.0     9.0  -999.0  -999.0     8.0     8.0     8.0    10.0  -999.0  -999.0  -999.0    10.0  -999.0     7.0     9.0  -999.0  -999.0  -999.0  -999.0  -999.0     7.0
2020 249  -999.0    14.0  -999.0    11.0  -999.0    10.0  -999.0  -999.0     9.0     9.0     7.0     9.0  -999.0  -999.0  -999.0    10.0  -999.0     8.0    10.0  -999.0  -999.0  -999.0  -999.0  -999.0    10.0
2020 250  -999.0    11.0  -999.0     9.0  -999.0     8.0  -999.0  -999.0     7.0     9.0     7.0     9.0  -999.0  -999.0  -999.0     9.0  -999.0     6.0    10.0  -999.0  -999.0  -999.0  -999.0  -999.0    10.0
2020 251  -999.0  -999.0  -999.0    12.0  -999.0    12.0  -999.0  -999.0     8.0    12.0     7.0    10.0  -999.0  -999.0  -999.0     7.0  -999.0     7.0     9.0  -999.0  -999.0  -999.0  -999.0  -999.0     7.0
2020 252  -999.0    11.0  -999.0    12.0  -999.0    12.0  -999.0  -999.0    12.0    11.0     9.0    12.0  -999.0  -999.0  -999.0     9.0  -999.0     7.0    11.0  -999.0  -999.0  -999.0  -999.0  -999.0     9.0
2020 253  -999.0    15.0  -999.0    15.0  -999.0    16.0  -999.0  -999.0    20.0    14.0    13.0    17.0  -999.0  -999.0  -999.0    13.0  -999.0    15.0    15.0  -999.0  -999.0  -999.0  -999.0  -999.0    14.0
2020 254  -999.0    15.0  -999.0    20.0  -999.0    18.0  -999.0  -999.0    17.0    13.0    14.0    22.0  -999.0  -999.0  -999.0    13.0  -999.0    14.0    16.0  -999.0  -999.0  -999.0  -999.0  -999.0    15.0
2020 255  -999.0    12.0  -999.0    16.0  -999.0    19.0  -999.0  -999.0  -999.0    13.0    13.0    16.0  -999.0  -999.0  -999.0    11.0  -999.0    11.0    14.0  -999.0  -999.0  -999.0  -999.0  -999.0    11.0
2020 256  -999.0    12.0  -999.0    12.0  -999.0    15.0  -999.0  -999.0    13.0    13.0    11.0    13.0  -999.0  -999.0  -999.0    10.0  -999.0    11.0    11.0  -999.0  -999.0  -999.0  -999.0  -999.0    10.0
2020 257  -999.0    18.0  -999.0    21.0  -999.0    19.0  -999.0  -999.0    19.0    19.0    17.0    22.0  -999.0  -999.0  -999.0    18.0  -999.0    15.0    18.0  -999.0  -999.0  -999.0  -999.0  -999.0    15.0
2020 258  -999.0    21.0  -999.0    21.0  -999.0    23.0  -999.0  -999.0    21.0    21.0    17.0    26.0  -999.0  -999.0  -999.0    21.0  -999.0    20.0    18.0  -999.0  -999.0  -999.0  -999.0  -999.0    17.0
2020 259  -999.0    19.0  -999.0    22.0  -999.0    21.0  -999.0  -999.0    19.0    16.0    18.0    22.0  -999.0  -999.0  -999.0    18.0  -999.0    17.0    20.0  -999.0  -999.0  -999.0  -999.0  -999.0    20.0
2020 260  -999.0    16.0  -999.0    18.0  -999.0    16.0  -999.0  -999.0    14.0    16.0    19.0    18.0  -999.0  -999.0  -999.0    14.0  -999.0    13.0    17.0  -999.0  -999.0  -999.0  -999.0  -999.0    14.0
2020 261  -999.0    16.0  -999.0    20.0  -999.0    20.0  -999.0  -999.0    15.0    18.0    17.0    22.0  -999.0  -999.0  -999.0    15.0  -999.0    16.0    19.0  -999.0  -999.0  -999.0  -999.0  -999.0    16.0
2020 262  -999.0    20.0  -999.0    27.0  -999.0    23.0  -999.0  -999.0    16.0    17.0    15.0    22.0  -999.0  -999.0  -999.0    18.0  -999.0    16.0    17.0  -999.0  -999.0  -999.0  -999.0  -999.0    15.0
2020 263  -999.0  -999.0  -999.0    18.0  -999.0    25.0  -999.0  -999.0    22.0    16.0    16.0    20.0  -999.0  -999.0  -999.0    18.0  -999.0    19.0    18.0  -999.0  -999.0  -999.0  -999.0  -999.0    16.0
2020 264  -999.0  -999.0  -999.0    23.0  -999.0    23.0  -999.0  -999.0    18.0    23.0    19.0    21.0  -999.0  -999.0  -999.0    19.0  -999.0    19.0    20.0  -999.0  -999.0  -999.0  -999.0  -999.0    18.0
2020 265  -999.0  -999.0  -999.0    19.0  -999.0    18.0  -999.0  -999.0    14.0    13.0    13.0    13.0  -999.0  -999.0  -999.0    15.0  -999.0    14.0    14.0  -999.0  -999.0  -999.0  -999.0  -999.0    15.0
2020 266  -999.0     7.0  -999.0    10.0  -999.0    10.0  -999.0  -999.0     7.0     7.0     7.0     6.0  -999.0  -999.0  -999.0     7.0  -999.0     5.0     8.0  -999.0  -999.0  -999.0  -999.0  -999.0     5.0
2020 267  -999.0     3.0  -999.0     7.0  -999.0    11.0  -999.0  -999.0     6.0     6.0     4.0     7.0  -999.0  -999.0  -999.0     7.0  -999.0     4.0     6.0  -999.0  -999.0  -999.0  -999.0  -999.0     4.0
2020 268  -999.0     8.0  -999.0    10.0  -999.0     9.0  -999.0  -999.0     7.0     6.0  -999.0     6.0  -999.0  -999.0  -999.0     6.0  -999.0     7.0     6.0  -999.0  -999.0  -999.0  -999.0  -999.0     6.0
2020 269  -999.0  -999.0  -999.0     7.0  -999.0     7.0  -999.0  -999.0     7.0     7.0     8.0     7.0  -999.0  -999.0  -999.0     2.0  -999.0     1.0     7.0  -999.0  -999.0  -999.0  -999.0  -999.0     7.0
2020 270  -999.0     1.0  -999.0     7.0  -999.0     3.0  -999.0  -999.0     4.0     6.0     3.0     4.0  -999.0  -999.0  -999.0     2.0  -999.0     4.0     4.0  -999.0  -999.0  -999.0  -999.0  -999.0     2.0
2020 271  -999.0     0.0  -999.0     4.0  -999.0     8.0  -999.0  -999.0     3.0     2.0     2.0     4.0  -999.0  -999.0  -999.0     2.0  -999.0     3.0     3.0  -999.0  -999.0  -999.0  -999.0  -999.0     2.0
2020 272  -999.0     4.0  -999.0    10.0  -999.0     4.0  -999.0  -999.0     5.0     5.0     4.0     3.0  -999.0  -999.0  -999.0    11.0  -999.0     5.0     7.0  -999.0  -999.0  -999.0  -999.0  -999.0     4.0
2020 273  -999.0    12.0  -999.0     8.0  -999.0     6.0  -999.0  -999.0     6.0     5.0     5.0     5.0  -999.0  -999.0  -999.0    11.0  -999.0     5.0     6.0  -999.0  -999.0  -999.0  -999.0  -999.0     5.0
2020 274  -999.0     9.0  -999.0     7.0  -999.0     8.0  -999.0  -999.0     7.0     7.0     6.0     6.0  -999.0  -999.0  -999.0    10.0  -999.0     8.0     7.0  -999.0  -999.0  -999.0  -999.0  -999.0     7.0
2020 275  -999.0    11.0  -999.0    10.0  -999.0    13.0  -999.0  -999.0     7.0     8.0     8.0     8.0  -999.0  -999.0  -999.0     9.0  -999.0     9.0    10.0  -999.0  -999.0  -999.0  -999.0  -999.0     7.0
2020 276  -999.0     8.0  -999.0    10.0  -999.0    11.0  -999.0  -999.0     7.0     9.0     7.0     8.0  -999.0  -999.0  -999.0     4.0  -999.0     4.0     9.0  -999.0  -999.0  -999.0  -999.0  -999.0     5.0
2020 277  -999.0     6.0  -999.0     7.0  -999.0     9.0  -999.0  -999.0     6.0     5.0     5.0     4.0  -999.0  -999.0  -999.0     6.0  -999.0     6.0     6.0  -999.0  -999.0  -999.0  -999.0  -999.0     6.0
2020 278  -999.0     4.0  -999.0     8.0  -999.0     5.0  -999.0  -999.0     2.0     2.0     3.0     3.0  -999.0  -999.0  -999.0     2.0  -999.0     2.0     3.0  -999.0  -999.0  -999.0  -999.0  -999.0     3.0
2020 279  -999.0     7.0  -999.0     6.0  -999.0     8.0  -999.0  -999.0     4.0     5.0     4.0     5.0  -999.0  -999.0  -999.0     8.0  -999.0     6.0     6.0  -999.0  -999.0  -999.0  -999.0  -999.0     4.0
2020 280  -999.0    11.0  -999.0     7.0  -999.0     7.0  -999.0  -999.0     5.0     5.0     6.0     5.0  -999.0  -999.0  -999.0     8.0  -999.0     6.0     7.0  -999.0  -999.0  -999.0  -999.0  -999.0     4.0
2020 281  -999.0     8.0  -999.0     7.0  -999.0    10.0  -999.0  -999.0     6.0     4.0     4.0     5.0  -999.0  -999.0  -999.0     6.0  -999.0     3.0     6.0  -999.0  -999.0  -999.0  -999.0  -999.0     3.0
2020 282  -999.0     7.0  -999.0     8.0  -999.0    10.0  -999.0  -999.0     5.0     6.0     5.0     6.0  -999.0  -999.0  -999.0     9.0  -999.0     6.0     5.0  -999.0  -999.0  -999.0  -999.0  -999.0     5.0
2020 283  -999.0    11.0  -999.0    10.0  -999.0    14.0  -999.0  -999.0     8.0     9.0     9.0     9.0  -999.0  -999.0  -999.0    10.0  -999.0     9.0     8.0  -999.0  -999.0  -999.0  -999.0  -999.0     7.0
2020 284  -999.0    12.0  -999.0    13.0  -999.0    17.0  -999.0  -999.0     9.0    11.0     8.0     9.0  -999.0  -999.0  -999.0    11.0  -999.0    10.0    11.0  -999.0  -999.0  -999.0  -999.0  -999.0     7.0
2020 285  -999.0     6.0  -999.0     8.0  -999.0    12.0  -999.0  -999.0     5.0     7.0     4.0     7.0  -999.0  -999.0  -999.0     4.0  -999.0     5.0     6.0  -999.0  -999.0  -999.0  -999.0  -999.0     4.0
2020 286  -999.0     3.0  -999.0    10.0  -999.0     7.0  -999.0  -999.0     5.0     5.0     4.0     6.0  -999.0  -999.0  -999.0     2.0  -999.0     6.0     7.0  -999.0  -999.0  -999.0  -999.0  -999.0     5.0
2020 287  -999.0     4.0  -999.0    11.0  -999.0    14.0  -999.0  -999.0     7.0     7.0     4.0     8.0  -999.0  -999.0  -999.0     3.0  -999.0     4.0     6.0  -999.0  -999.0  -999.0  -999.0  -999.0     4.0
2020 288  -999.0     6.0  -999.0     5.0  -999.0     9.0  -999.0  -999.0     4.0     7.0     2.0     7.0  -999.0  -999.0  -999.0     4.0  -999.0     5.0     5.0  -999.0  -999.0  -999.0  -999.0  -999.0     3.0
2020 289  -999.0     6.0  -999.0     5.0  -999.0     6.0  -999.0  -999.0     4.0     4.0     3.0     5.0  -999.0  -999.0  -999.0     5.0  -999.0     4.0     4.0  -999.0  -999.0  -999.0  -999.0  -999.0     4.0
2020 290  -999.0     9.0  -999.0    11.0  -999.0    11.0  -999.0  -999.0     3.0     6.0     4.0     6.0  -999.0  -999.0  -999.0     8.0  -999.0     6.0     7.0  -999.0  -999.0  -999.0  -999.0  -999.0     2.0
2020 291  -999.0    10.0  -999.0    12.0  -999.0    17.0  -999.0  -999.0     6.0     6.0     6.0     8.0  -999.0  -999.0  -999.0     9.0  -999.0     8.0     9.0  -999.0  -999.0  -999.0  -999.0  -999.0     7.0
2020 292  -999.0    13.0  -999.0     9.0  -999.0    17.0  -999.0  -999.0     9.0    11.0     8.0    10.0  -999.0  -999.0  -999.0    14.0  -999.0    11.0    11.0  -999.0  -999.0  -999.0  -999.0  -999.0     8.0
2020 293  -999.0    16.0  -999.0    14.0  -999.0    19.0  -999.0  -999.0    13.0    11.0    10.0  -999.0  -999.0  -999.0  -999.0    15.0  -999.0    11.0    12.0  -999.0  -999.0  -999.0  -999.0  -999.0    11.0
2020 294  -999.0    15.0  -999.0    18.0  -999.0    22.0  -999.0  -999.0    11.0    17.0    13.0  -999.0  -999.0  -999.0  -999.0    18.0  -999.0    14.0    16.0  -999.0  -999.0  -999.0  -999.0  -999.0    14.0
2020 295  -999.0    16.0  -999.0    16.0  -999.0    25.0  -999.0  -999.0    13.0    14.0    11.0    12.0  -999.0  -999.0  -999.0    17.0  -999.0    15.0    15.0  -999.0  -999.0  -999.0  -999.0  -999.0    13.0
2020 296  -999.0    16.0  -999.0    16.0  -999.0    24.0  -999.0  -999.0     9.0    13.0    12.0    13.0  -999.0  -999.0  -999.0    14.0  -999.0    14.0    16.0  -999.0  -999.0  -999.0  -999.0  -999.0    13.0
2020 297  -999.0    13.0  -999.0    14.0  -999.0    25.0  -999.0  -999.0     7.0    11.0     9.0    12.0  -999.0  -999.0  -999.0     9.0  -999.0    12.0    10.0  -999.0  -999.0  -999.0  -999.0  -999.0     9.0
2020 298  -999.0     7.0  -999.0    15.0  -999.0    24.0  -999.0  -999.0     9.0     9.0     6.0    11.0  -999.0  -999.0  -999.0     6.0  -999.0     8.0    10.0  -999.0  -999.0  -999.0  -999.0  -999.0     6.0
2020 299  -999.0     5.0  -999.0    11.0  -999.0    13.0  -999.0  -999.0     9.0    10.0     6.0    12.0  -999.0  -999.0  -999.0    11.0  -999.0     7.0    12.0  -999.0  -999.0  -999.0  -999.0  -999.0     9.0
2020 300  -999.0     6.0  -999.0     8.0  -999.0    14.0  -999.0  -999.0     7.0     7.0     6.0     7.0  -999.0  -999.0  -999.0     4.0  -999.0     8.0     9.0  -999.0  -999.0  -999.0  -999.0  -999.0     5.0
2020 301  -999.0     3.0  -999.0    12.0  -999.0    12.0  -999.0  -999.0     5.0     6.0     4.0     6.0  -999.0  -999.0  -999.0     7.0  -999.0     6.0     9.0  -999.0  -999.0  -999.0  -999.0  -999.0     8.0
2020 302  -999.0     8.0  -999.0     9.0  -999.0    14.0  -999.0  -999.0    10.0     8.0     6.0    10.0  -999.0  -999.0  -999.0     9.0  -999.0     7.0     8.0  -999.0  -999.0  -999.0  -999.0  -999.0     7.0
2020 303  -999.0    13.0  -999.0    15.0  -999.0    13.0  -999.0  -999.0    13.0    12.0     8.0    15.0  -999.0  -999.0  -999.0    14.0  -999.0    13.0    17.0  -999.0  -999.0  -999.0  -999.0  -999.0    10.0
2020 304  -999.0    18.0  -999.0    21.0  -999.0    23.0  -999.0  -999.0  -999.0    17.0    10.0    18.0  -999.0  -999.0  -999.0    21.0  -999.0    15.0    18.0  -999.0  -999.0  -999.0  -999.0  -999.0    12.0
2020 305  -999.0    17.0  -999.0    23.0  -999.0    25.0  -999.0  -999.0    17.0    14.0    12.0    20.0  -999.0  -999.0  -999.0     5.0  -999.0    14.0    19.0  -999.0  -999.0  -999.0  -999.0  -999.0    12.0
2020 306  -999.0    16.0  -999.0    19.0  -999.0    30.0  -999.0  -999.0    17.0    15.0    11.0    20.0  -999.0  -999.0  -999.0    19.0  -999.0    14.0    20.0  -999.0  -999.0  -999.0  -999.0  -999.0    13.0
2020 307  -999.0    19.0  -999.0    28.0  -999.0    31.0  -999.0  -999.0    19.0    22.0    17.0    21.0  -999.0  -999.0  -999.0    22.0  -999.0    21.0    31.0  -999.0  -999.0  -999.0  -999.0  -999.0    19.0
2020 308  -999.0    16.0  -999.0    25.0  -999.0    37.0  -999.0  -999.0    18.0    20.0    17.0    19.0  -999.0  -999.0  -999.0    18.0  -999.0    18.0    23.0  -999.0  -999.0  -999.0  -999.0  -999.0    15.0
2020 309  -999.0    18.0  -999.0    28.0  -999.0    38.0  -999.0  -999.0    19.0    20.0    21.0    21.0  -999.0  -999.0  -999.0    22.0  -999.0    21.0    28.0  -999.0  -999.0  -999.0  -999.0  -999.0    24.0
2020 310  -999.0    18.0  -999.0    22.0  -999.0    30.0  -999.0  -999.0    19.0    18.0    14.0    23.0  -999.0  -999.0  -999.0    19.0  -999.0    17.0    22.0  -999.0  -999.0  -999.0  -999.0  -999.0    20.0
2020 311  -999.0    12.0  -999.0    21.0  -999.0    35.0  -999.0  -999.0    19.0    15.0     9.0    16.0  -999.0  -999.0  -999.0    13.0  -999.0    12.0    13.0  -999.0  -999.0  -999.0  -999.0  -999.0    12.0
2020 312  -999.0    16.0  -999.0    25.0  -999.0    31.0  -999.0  -999.0    22.0    19.0    17.0    21.0  -999.0  -999.0  -999.0    20.0  -999.0    17.0    24.0  -999.0  -999.0  -999.0  -999.0  -999.0    16.0
2020 313  -999.0    17.0  -999.0    26.0  -999.0    22.0  -999.0  -999.0    24.0    19.0    19.0    20.0  -999.0  -999.0  -999.0    21.0  -999.0    20.0    26.0  -999.0  -999.0  -999.0  -999.0  -999.0    21.0
2020 314  -999.0    15.0  -999.0    26.0  -999.0    37.0  -999.0  -999.0    21.0    21.0  -999.0    22.0  -999.0  -999.0  -999.0    22.0  -999.0    20.0    28.0  -999.0  -999.0  -999.0  -999.0  -999.0    24.0
2020 315  -999.0    19.0  -999.0    30.0  -999.0    43.0  -999.0  -999.0    24.0    21.0    20.0    25.0  -999.0  -999.0  -999.0    21.0  -999.0    22.0    27.0  -999.0  -999.0  -999.0  -999.0  -999.0    18.0
2020 316  -999.0    20.0  -999.0    28.0  -999.0    39.0  -999.0  -999.0    26.0    23.0  -999.0    28.0  -999.0  -999.0  -999.0    19.0  -999.0    22.0    27.0  -999.0  -999.0  -999.0  -999.0  -999.0    28.0
2020 317  -999.0    19.0  -999.0    31.0  -999.0    40.0  -999.0  -999.0    21.0    21.0    18.0    23.0  -999.0  -999.0  -999.0    22.0  -999.0    23.0    30.0  -999.0  -999.0  -999.0  -999.0  -999.0    24.0
2020 318  -999.0    17.0  -999.0    20.0  -999.0    37.0  -999.0  -999.0    18.0    18.0    14.0    19.0  -999.0  -999.0  -999.0    18.0  -999.0    18.0    21.0  -999.0  -999.0  -999.0  -999.0  -999.0    17.0
2020 319  -999.0    17.0  -999.0    21.0  -999.0    36.0  -999.0  -999.0    26.0    19.0    19.0    20.0  -999.0  -999.0  -999.0    18.0  -999.0    19.0    26.0  -999.0  -999.0  -999.0  -999.0  -999.0    14.0
2020 320  -999.0    14.0  -999.0    21.0  -999.0    28.0  -999.0  -999.0    15.0    17.0    11.0    16.0  -999.0  -999.0  -999.0    13.0  -999.0    16.0    16.0  -999.0  -999.0  -999.0  -999.0  -999.0    13.0
2020 321  -999.0    11.0  -999.0    11.0  -999.0    20.0  -999.0  -999.0    12.0    12.0     8.0    15.0  -999.0  -999.0  -999.0     9.0  -999.0    11.0    13.0  -999.0  -999.0  -999.0  -999.0  -999.0     9.0
2020 322  -999.0     4.0  -999.0     8.0  -999.0    16.0  -999.0  -999.0     6.0     4.0     4.0     5.0  -999.0  -999.0  -999.0     3.0  -999.0     2.0     5.0  -999.0  -999.0  -999.0  -999.0  -999.0     4.0
2020 323  -999.0     8.0  -999.0    14.0  -999.0    28.0  -999.0  -999.0    13.0     9.0     7.0    16.0  -999.0  -999.0  -999.0    10.0  -999.0     9.0  -999.0  -999.0  -999.0  -999.0  -999.0  -999.0     8.0
2020 324  -999.0    15.0  -999.0    26.0  -999.0    34.0  -999.0  -999.0    21.0    18.0    15.0    24.0  -999.0  -999.0  -999.0    17.0  -999.0    16.0  -999.0  -999.0  -999.0  -999.0  -999.0  -999.0    20.0
2020 325  -999.0     9.0  -999.0    11.0  -999.0    19.0  -999.0  -999.0     8.0    10.0     8.0     9.0  -999.0  -999.0  -999.0     9.0  -999.0     8.0    11.0  -999.0  -999.0  -999.0  -999.0  -999.0     7.0
2020 326  -999.0     4.0  -999.0     9.0  -999.0    11.0  -999.0  -999.0  -999.0     5.0     4.0     5.0  -999.0  -999.0  -999.0     4.0  -999.0     4.0     6.0  -999.0  -999.0  -999.0  -999.0  -999.0     5.0
2020 327  -999.0     9.0  -999.0    10.0  -999.0    23.0  -999.0  -999.0  -999.0     9.0     7.0    14.0  -999.0  -999.0  -999.0     8.0  -999.0     8.0    14.0  -999.0  -999.0  -999.0  -999.0  -999.0     8.0
2020 328  -999.0    19.0  -999.0    21.0  -999.0    36.0  -999.0  -999.0  -999.0    21.0    14.0    24.0  -999.0  -999.0  -999.0    23.0  -999.0    18.0    30.0  -999.0  -999.0  -999.0  -999.0  -999.0    16.0
2020 329  -999.0    24.0  -999.0    38.0  -999.0    50.0  -999.0  -999.0  -999.0    29.0    20.0    36.0  -999.0  -999.0  -999.0    34.0  -999.0    26.0    37.0  -999.0  -999.0  -999.0  -999.0  -999.0    26.0
2020 330  -999.0    23.0  -999.0    38.0  -999.0    48.0  -999.0  -999.0  -999.0    30.0    21.0    34.0  -999.0  -999.0  -999.0    36.0  -999.0    27.0    36.0  -999.0  -999.0  -999.0  -999.0  -999.0    23.0
2020 331  -999.0    23.0  -999.0    32.0  -999.0    66.0  -999.0  -999.0    34.0    32.0    25.0    28.0  -999.0  -999.0  -999.0    34.0  -999.0    29.0    35.0  -999.0  -999.0  -999.0  -999.0  -999.0    25.0
2020 332  -999.0    27.0  -999.0    32.0  -999.0    68.0  -999.0  -999.0    29.0    33.0    26.0    31.0  -999.0  -999.0  -999.0    36.0  -999.0    31.0    36.0  -999.0  -999.0  -999.0  -999.0  -999.0    26.0
2020 333  -999.0    24.0  -999.0    22.0  -999.0    35.0  -999.0  -999.0    29.0    31.0    23.0    27.0  -999.0  -999.0  -999.0    24.0  -999.0    23.0    28.0  -999.0  -999.0  -999.0  -999.0  -999.0    22.0
2020 334  -999.0    11.0  -999.0    18.0  -999.0    31.0  -999.0  -999.0    19.0    15.0     9.0    22.0  -999.0  -999.0  -999.0    10.0  -999.0    15.0    14.0  -999.0  -999.0  -999.0  -999.0  -999.0    10.0
2020 335  -999.0     8.0  -999.0    18.0  -999.0    42.0  -999.0  -999.0    13.0    12.0    10.0    24.0  -999.0  -999.0  -999.0     9.0  -999.0    11.0    21.0  -999.0  -999.0  -999.0  -999.0  -999.0    12.0
2020 336  -999.0    14.0  -999.0    15.0  -999.0    33.0  -999.0  -999.0    18.0    19.0    10.0    26.0  -999.0  -999.0  -999.0    14.0  -999.0    13.0    23.0  -999.0  -999.0  -999.0  -999.0  -999.0    12.0
2020 337  -999.0     6.0  -999.0    10.0  -999.0    12.0  -999.0  -999.0     6.0     7.0     4.0    11.0  -999.0  -999.0  -999.0     6.0  -999.0     5.0    10.0  -999.0  -999.0  -999.0  -999.0  -999.0     4.0
2020 338  -999.0     8.0  -999.0    19.0  -999.0    34.0  -999.0  -999.0    17.0    14.0     9.0    19.0  -999.0  -999.0  -999.0    10.0  -999.0    12.0    21.0  -999.0  -999.0  -999.0  -999.0  -999.0    12.0
2020 339  -999.0     9.0  -999.0    17.0  -999.0    28.0  -999.0  -999.0    10.0    13.0    10.0  -999.0  -999.0  -999.0  -999.0     9.0  -999.0    14.0    14.0  -999.0  -999.0  -999.0  -999.0  -999.0    10.0
2020 340  -999.0     2.0  -999.0     6.0  -999.0    10.0  -999.0  -999.0     4.0     6.0     4.0     7.0  -999.0  -999.0  -999.0     2.0  -999.0     6.0     7.0  -999.0  -999.0  -999.0  -999.0  -999.0     6.0
2020 341  -999.0     4.0  -999.0     9.0  -999.0    12.0  -999.0  -999.0     9.0     5.0     6.0    10.0  -999.0  -999.0  -999.0     6.0  -999.0     5.0    14.0  -999.0  -999.0  -999.0  -999.0  -999.0    10.0
2020 342  -999.0    10.0  -999.0    12.0  -999.0    21.0  -999.0  -999.0    10.0    10.0     4.0    11.0  -999.0  -999.0  -999.0    11.0  -999.0    10.0    10.0  -999.0  -999.0  -999.0  -999.0  -999.0     4.0
2020 343  -999.0     4.0  -999.0     6.0  -999.0     5.0  -999.0  -999.0     6.0     6.0     4.0     8.0  -999.0  -999.0  -999.0     3.0  -999.0     4.0    10.0  -999.0  -999.0  -999.0  -999.0  -999.0     5.0
2020 344  -999.0     7.0  -999.0     6.0  -999.0    10.0  -999.0  -999.0     6.0     6.0     3.0     3.0  -999.0  -999.0  -999.0     7.0  -999.0     6.0     6.0  -999.0  -999.0  -999.0  -999.0  -999.0     4.0
2020 345  -999.0     8.0  -999.0     9.0  -999.0    16.0  -999.0  -999.0     7.0     8.0     5.0    11.0  -999.0  -999.0  -999.0    11.0  -999.0     8.0    10.0  -999.0  -999.0  -999.0  -999.0  -999.0     6.0
2020 346  -999.0    14.0  -999.0    19.0  -999.0    23.0  -999.0  -999.0    22.0    15.0    13.0    22.0  -999.0  -999.0  -999.0    15.0  -999.0    15.0    20.0  -999.0  -999.0  -999.0  -999.0  -999.0    12.0
2020 347  -999.0    22.0  -999.0    30.0  -999.0    43.0  -999.0  -999.0    14.0    23.0    17.0    27.0  -999.0  -999.0  -999.0    25.0  -999.0    26.0    31.0  -999.0  -999.0  -999.0  -999.0  -999.0    22.0
2020 348  -999.0    12.0  -999.0    16.0  -999.0  -999.0  -999.0  -999.0    22.0    12.0     7.0    25.0  -999.0  -999.0  -999.0    14.0  -999.0    13.0    11.0  -999.0  -999.0  -999.0  -999.0  -999.0    11.0
2020 349  -999.0    15.0  -999.0    25.0  -999.0  -999.0  -999.0  -999.0    25.0    14.0     7.0    29.0  -999.0  -999.0  -999.0    19.0  -999.0    16.0    18.0  -999.0  -999.0  -999.0  -999.0  -999.0    15.0
2020 350  -999.0  -999.0  -999.0    41.0  -999.0    70.0  -999.0  -999.0    37.0    28.0    22.0    31.0  -999.0  -999.0  -999.0    32.0  -999.0    31.0    43.0  -999.0  -999.0  -999.0  -999.0  -999.0    28.0
2020 351  -999.0    32.0  -999.0    37.0  -999.0    75.0  -999.0  -999.0    29.0    33.0    23.0    25.0  -999.0  -999.0  -999.0    41.0  -999.0    35.0    40.0  -999.0  -999.0  -999.0  -999.0  -999.0    34.0
2020 352  -999.0    30.0  -999.0    37.0  -999.0    80.0  -999.0  -999.0    41.0    34.0    29.0    33.0  -999.0  -999.0  -999.0    41.0  -999.0    37.0    47.0  -999.0  -999.0  -999.0  -999.0  -999.0    33.0
2020 353  -999.0    30.0  -999.0    41.0  -999.0    85.0  -999.0  -999.0    38.0    36.0    27.0    32.0  -999.0  -999.0  -999.0    35.0  -999.0    37.0    55.0  -999.0  -999.0  -999.0  -999.0  -999.0    39.0
2020 354  -999.0    34.0  -999.0    41.0  -999.0  -999.0  -999.0  -999.0  -999.0    41.0    27.0    38.0  -999.0  -999.0  -999.0    39.0  -999.0    40.0    53.0  -999.0  -999.0  -999.0  -999.0  -999.0    35.0
2020 355  -999.0    28.0  -999.0    42.0  -999.0    79.0  -999.0  -999.0    40.0    37.0    30.0    40.0  -999.0  -999.0  -999.0    35.0  -999.0    41.0    50.0  -999.0  -999.0  -999.0  -999.0  -999.0    38.0
2020 356  -999.0    33.0  -999.0    46.0  -999.0    72.0  -999.0  -999.0    37.0    38.0    27.0    40.0  -999.0  -999.0  -999.0    37.0  -999.0    40.0    47.0  -999.0  -999.0  -999.0  -999.0  -999.0    33.0
2020 357  -999.0    30.0  -999.0    48.0  -999.0    58.0  -999.0  -999.0    38.0    35.0    34.0    44.0  -999.0  -999.0  -999.0    41.0  -999.0    43.0    67.0  -999.0  -999.0  -999.0  -999.0  -999.0    39.0
2020 358  -999.0    30.0  -999.0    38.0  -999.0    80.0  -999.0  -999.0    27.0    37.0    25.0    33.0  -999.0  -999.0  -999.0    32.0  -999.0    34.0    39.0  -999.0  -999.0  -999.0  -999.0  -999.0    36.0
2020 359  -999.0    17.0  -999.0    28.0  -999.0    82.0  -999.0  -999.0    15.0    22.0     7.0    20.0  -999.0  -999.0  -999.0    16.0  -999.0    20.0    16.0  -999.0  -999.0  -999.0  -999.0  -999.0     9.0
2020 360  -999.0     1.0  -999.0     3.0  -999.0    15.0  -999.0  -999.0     7.0     5.0     3.0     7.0  -999.0  -999.0  -999.0  -999.0  -999.0     3.0     8.0  -999.0  -999.0  -999.0  -999.0  -999.0     6.0
2020 361  -999.0  -999.0  -999.0     7.0  -999.0    17.0  -999.0  -999.0    12.0     5.0     3.0    11.0  -999.0  -999.0  -999.0     1.0  -999.0     6.0    10.0  -999.0  -999.0  -999.0  -999.0  -999.0     4.0
2020 362  -999.0     2.0  -999.0    19.0  -999.0    19.0  -999.0  -999.0    18.0    10.0     9.0    18.0  -999.0  -999.0  -999.0     5.0  -999.0    10.0    22.0  -999.0  -999.0  -999.0  -999.0  -999.0    13.0
2020 363  -999.0     6.0  -999.0     9.0  -999.0    12.0  -999.0  -999.0     7.0    12.0     6.0     9.0  -999.0  -999.0  -999.0     7.0  -999.0     9.0    10.0  -999.0  -999.0  -999.0  -999.0  -999.0     7.0
2020 364  -999.0     5.0  -999.0     8.0  -999.0    13.0  -999.0  -999.0     6.0     6.0     3.0     7.0  -999.0  -999.0  -999.0     5.0  -999.0     7.0    12.0  -999.0  -999.0  -999.0  -999.0  -999.0     6.0
2020 365  -999.0     9.0  -999.0    11.0  -999.0    19.0  -999.0  -999.0    11.0  -999.0     5.0    13.0  -999.0  -999.0  -999.0    10.0  -999.0    10.0    16.0  -999.0  -999.0  -999.0  -999.0  -999.0  -999.0
2020 366  -999.0    15.0  -999.0    32.0  -999.0    38.0  -999.0  -999.0    17.0  -999.0    16.0    20.0  -999.0  -999.0  -999.0    23.0  -999.0    18.0    30.0  -999.0  -999.0  -999.0  -999.0  -999.0  -999.0
