anno  jd       2       3       5       8      10      11      14      15      16      39      40      41      45      47      48      49      55      56      57      60      83      84      85      86      87
2021   1    81.0    31.0    42.0    82.0    29.0    44.0    10.0    21.0    20.0  -999.0    33.0    19.0    27.0    42.0    45.0    43.0    39.0    32.0    50.0    13.0    18.0  -999.0  -999.0    27.0  -999.0
2021   2    19.0    12.0    15.0    12.0     8.0    11.0  -999.0    17.0     7.0  -999.0    13.0    10.0    16.0    15.0    12.0    12.0    12.0    10.0    20.0    15.0    14.0  -999.0  -999.0    26.0  -999.0
2021   3     9.0     9.0     9.0     8.0    12.0    10.0     0.0     5.0     5.0  -999.0     6.0     7.0    14.0    10.0     7.0     7.0     9.0     6.0    12.0     6.0     8.0  -999.0  -999.0    19.0  -999.0
2021   4     9.0    10.0    11.0     8.0    14.0    24.0     0.0     5.0     8.0  -999.0    11.0     9.0    10.0    16.0     8.0     7.0    11.0     8.0    13.0     3.0     4.0  -999.0  -999.0    12.0  -999.0
2021   5    11.0    13.0    14.0    10.0    19.0    18.0     0.0    10.0     8.0     9.0     5.0    12.0    14.0    14.0    14.0    11.0    15.0     8.0    20.0     8.0    10.0  -999.0  -999.0     9.0    11.0
2021   6    20.0    27.0    28.0    22.0    28.0    38.0     8.0    14.0    25.0    19.0    15.0    24.0    21.0    25.0    24.0    25.0    34.0    19.0    34.0     9.0    13.0  -999.0  -999.0    14.0    21.0
2021   7    32.0    30.0    33.0    26.0    34.0    47.0     5.0    12.0    35.0    28.0    23.0    22.0    24.0    27.0    26.0    26.0    34.0    29.0    38.0     8.0    13.0  -999.0  -999.0    18.0    27.0
2021   8    25.0    30.0    29.0    26.0    37.0    48.0     4.0    12.0    37.0  -999.0    11.0    31.0    50.0    23.0    23.0    21.0    33.0    21.0    29.0     8.0    17.0  -999.0  -999.0    15.0    19.0
2021   9    18.0    15.0    17.0    18.0    26.0    28.0     5.0    14.0    31.0    12.0     9.0    19.0    29.0    14.0    14.0    12.0    19.0    15.0    18.0     6.0    11.0  -999.0  -999.0    12.0    11.0
2021  10    11.0     6.0    12.0     9.0    22.0    29.0     6.0     8.0    12.0     5.0     7.0    11.0    18.0     8.0     8.0     6.0    10.0     8.0    15.0     6.0    11.0  -999.0  -999.0     9.0     7.0
2021  11    12.0    16.0    22.0    12.0    27.0    32.0     6.0    12.0    16.0    11.0     9.0    16.0    21.0    17.0    13.0    14.0    21.0    14.0    23.0     8.0    19.0  -999.0  -999.0    10.0    11.0
2021  12    22.0    26.0    28.0    34.0    20.0    28.0    11.0    14.0    27.0    21.0    12.0    31.0    40.0    33.0    23.0    26.0    43.0    22.0    26.0    14.0    25.0  -999.0  -999.0    11.0    18.0
2021  13    44.0    41.0    43.0    47.0    21.0  -999.0    11.0    23.0    39.0    32.0    19.0    42.0    46.0    39.0    39.0    34.0    57.0    34.0    38.0    24.0    37.0  -999.0  -999.0    17.0    29.0
2021  14    51.0    38.0    60.0    50.0    46.0  -999.0    11.0    23.0    40.0    41.0    30.0    40.0    38.0    51.0    47.0    44.0    59.0    43.0    51.0    20.0    23.0  -999.0  -999.0    24.0    35.0
2021  15    34.0    24.0    30.0    23.0    32.0    42.0     9.0    13.0    39.0    21.0    16.0    32.0    33.0    25.0    24.0    23.0    29.0    24.0    27.0  -999.0    13.0  -999.0  -999.0    20.0    22.0
2021  16    14.0    15.0    18.0    11.0    33.0    70.0     6.0     9.0    31.0    12.0     8.0    24.0    44.0    14.0    11.0    11.0    20.0    13.0    15.0  -999.0    12.0  -999.0  -999.0    14.0    11.0
2021  17    27.0    31.0    33.0    31.0    37.0    58.0     6.0    16.0    36.0    26.0    19.0    35.0    46.0    27.0    31.0    27.0    35.0    25.0    46.0  -999.0    20.0  -999.0  -999.0    16.0    23.0
2021  18    37.0    40.0    44.0    45.0    24.0    45.0    17.0    21.0    38.0    30.0    15.0    38.0    52.0    43.0    34.0    34.0    54.0    33.0    35.0  -999.0    35.0  -999.0  -999.0    19.0    29.0
2021  19    43.0    42.0    46.0    33.0    50.0    72.0    11.0    18.0    37.0    40.0    19.0    29.0    28.0    50.0    41.0    43.0    54.0    38.0    34.0    11.0    17.0  -999.0  -999.0    20.0    28.0
2021  20    36.0    28.0    43.0    27.0    30.0    46.0    10.0    15.0    27.0    27.0    15.0    25.0    16.0    42.0    29.0    32.0    39.0    35.0    26.0    11.0     9.0  -999.0  -999.0    17.0    14.0
2021  21    29.0    22.0    38.0    28.0    29.0    36.0    20.0    29.0    23.0    26.0    23.0    25.0    21.0    38.0    33.0    24.0    39.0    25.0    29.0    26.0    20.0  -999.0  -999.0    22.0    29.0
2021  22    35.0    15.0    38.0    32.0    23.0    27.0    12.0    32.0    28.0    18.0    28.0    27.0    19.0    28.0    35.0    24.0    38.0    29.0    36.0    25.0    16.0  -999.0  -999.0    27.0    32.0
2021  23    24.0    11.0    24.0    22.0    20.0    27.0    19.0    24.0    24.0    14.0    18.0    23.0    14.0    21.0    26.0    19.0    30.0    29.0    29.0    23.0    21.0  -999.0  -999.0    46.0    38.0
2021  24    18.0     6.0     9.0    11.0     7.0    11.0     7.0    15.0    14.0     6.0    10.0    12.0     6.0     7.0    11.0     7.0    12.0    29.0    14.0    14.0    15.0  -999.0  -999.0    35.0    18.0
2021  25    18.0    17.0    18.0    18.0    13.0    16.0    11.0    21.0    16.0     7.0    12.0    14.0    14.0    17.0    18.0    16.0    23.0  -999.0    23.0    14.0    14.0  -999.0  -999.0    32.0    22.0
2021  26    15.0    24.0    24.0    18.0    13.0    22.0     6.0    15.0    19.0    18.0    10.0    21.0    31.0    33.0    17.0    22.0    27.0  -999.0    22.0    13.0    26.0  -999.0  -999.0    22.0    12.0
2021  27    41.0    40.0    49.0    48.0    29.0    51.0    10.0    28.0    32.0    35.0    24.0    35.0    49.0    49.0    35.0    40.0    58.0    35.0    49.0    25.0    38.0  -999.0  -999.0    25.0    34.0
2021  28    47.0    38.0    43.0    32.0    41.0    49.0     8.0    20.0    25.0    35.0    22.0    31.0    40.0    52.0    32.0    32.0    41.0    31.0    38.0    19.0    21.0  -999.0  -999.0    22.0    24.0
2021  29    35.0    38.0    45.0    28.0    38.0    53.0     9.0    22.0    39.0    26.0    21.0    35.0    28.0    38.0    43.0    34.0    47.0    31.0    37.0    22.0    21.0  -999.0  -999.0    23.0    28.0
2021  30    38.0    19.0    38.0    34.0    31.0    34.0    16.0    21.0    28.0    19.0    21.0    31.0    23.0    37.0    35.0    21.0    45.0    30.0    31.0    26.0    19.0  -999.0  -999.0    28.0    32.0
2021  31    24.0     9.0    19.0    23.0    14.0    29.0    11.0    14.0    20.0    12.0    15.0    21.0    19.0    15.0    21.0    13.0    26.0    19.0    24.0    15.0     8.0  -999.0  -999.0    30.0    26.0
2021  32    27.0    23.0    34.0    26.0    34.0    40.0     6.0    12.0    26.0    23.0    15.0    21.0    13.0    35.0    29.0    22.0    37.0    25.0    29.0     9.0    10.0  -999.0  -999.0    23.0    20.0
2021  33    28.0    35.0    42.0    34.0    30.0    49.0    13.0    19.0    36.0    38.0    20.0    31.0    37.0    38.0    37.0    35.0    44.0    28.0    38.0    19.0    37.0  -999.0  -999.0    21.0    30.0
2021  34    38.0    33.0    46.0    31.0    49.0    62.0     8.0    23.0    29.0    33.0    19.0    26.0    21.0    51.0    36.0    34.0    43.0    26.0    31.0    12.0    21.0  -999.0  -999.0    19.0    22.0
2021  35    27.0    27.0    35.0    32.0    31.0    46.0    10.0    22.0    36.0    28.0    17.0    27.0    37.0    39.0    29.0    29.0    38.0    23.0    29.0    14.0    23.0  -999.0  -999.0    17.0    19.0
2021  36    37.0    33.0    51.0    41.0    34.0    52.0    24.0    27.0    46.0    32.0    27.0    38.0    46.0    47.0    41.0    39.0    48.0    35.0    41.0    20.0    26.0  -999.0  -999.0    19.0    30.0
2021  37    48.0    42.0    58.0    50.0    46.0    54.0    29.0    34.0    52.0    41.0    38.0    44.0    45.0    51.0    50.0    39.0    56.0    39.0    48.0    34.0    29.0  -999.0  -999.0    25.0    35.0
2021  38    43.0    34.0    44.0    42.0    47.0    56.0    39.0    48.0    42.0    34.0    42.0    41.0    39.0    37.0    44.0    37.0    48.0    38.0    52.0    49.0    42.0  -999.0  -999.0    34.0    46.0
2021  39    30.0    18.0    29.0    18.0    22.0    23.0    12.0    20.0    23.0    11.0    14.0  -999.0  -999.0    19.0    21.0    16.0    24.0    19.0    22.0    20.0    17.0  -999.0  -999.0    33.0    28.0
2021  40    18.0    17.0    13.0    17.0    16.0    17.0    10.0    21.0    15.0    12.0    14.0    14.0    17.0    17.0    18.0    16.0    22.0    16.0    21.0    18.0    20.0  -999.0  -999.0    35.0    26.0
2021  41    26.0  -999.0    20.0    19.0    16.0    24.0    11.0    33.0    21.0    15.0     9.0    20.0    21.0    28.0    30.0    25.0    29.0    20.0    30.0    22.0    23.0  -999.0  -999.0    28.0    24.0
2021  42    29.0    31.0    34.0    31.0    24.0    33.0  -999.0    32.0    30.0    28.0    22.0    25.0    34.0    51.0    37.0    35.0    48.0    31.0    37.0    27.0    35.0  -999.0  -999.0    29.0    33.0
2021  43    33.0    28.0    27.0    26.0    26.0    29.0    18.0    26.0    25.0    26.0    20.0    21.0    31.0    44.0    37.0    29.0    34.0    26.0    35.0    20.0    26.0  -999.0  -999.0    23.0    21.0
2021  44    13.0    15.0    10.0     7.0    11.0    11.0     8.0    14.0    10.0    12.0     7.0     6.0    16.0    18.0     8.0    14.0    10.0     9.0    10.0     4.0    18.0  -999.0  -999.0    15.0     6.0
2021  45     9.0    22.0    14.0     9.0    13.0    15.0     6.0    17.0    11.0    18.0     4.0     9.0    23.0    22.0    13.0    19.0    12.0    11.0     6.0     7.0    26.0  -999.0  -999.0    12.0     8.0
2021  46    18.0    28.0    16.0    17.0    14.0    24.0     4.0    17.0    24.0    19.0    10.0    23.0    39.0    29.0    23.0    23.0    27.0    16.0    20.0     8.0    28.0  -999.0  -999.0    11.0    12.0
2021  47    41.0    43.0    31.0    41.0    23.0    35.0    11.0  -999.0    34.0    33.0    25.0    33.0    56.0    42.0    52.0  -999.0    50.0    32.0    43.0    21.0    36.0  -999.0  -999.0    16.0    31.0
2021  48    43.0  -999.0    31.0    43.0    19.0    34.0    15.0    25.0    40.0    34.0    20.0    39.0    54.0    55.0    51.0    45.0    54.0    33.0    45.0    18.0    15.0  -999.0  -999.0    26.0    46.0
2021  49    43.0    42.0    27.0  -999.0    27.0    48.0    12.0    31.0    35.0    20.0    30.0    27.0    33.0    49.0    41.0    45.0    50.0    34.0    59.0    26.0    31.0  -999.0  -999.0    27.0    45.0
2021  50    50.0    39.0    33.0  -999.0    35.0    59.0    18.0    16.0    31.0    29.0    27.0    31.0    21.0    51.0    44.0    39.0    55.0    35.0    54.0    16.0     6.0  -999.0  -999.0    26.0    35.0
2021  51    37.0    32.0    28.0  -999.0    32.0    46.0    18.0    14.0    33.0    23.0    23.0    26.0    31.0    48.0    36.0    33.0    43.0    30.0    40.0    13.0    14.0  -999.0  -999.0    25.0    33.0
2021  52    53.0    39.0    34.0  -999.0    32.0    55.0    17.0    26.0    41.0    30.0    35.0    32.0    39.0    48.0    41.0    39.0    50.0    35.0    51.0    20.0    24.0  -999.0  -999.0    26.0    35.0
2021  53    50.0    43.0    38.0  -999.0    38.0    48.0    18.0    28.0    46.0    40.0    30.0    38.0    44.0    54.0    47.0    49.0    53.0    38.0    48.0    23.0    27.0  -999.0  -999.0    27.0    36.0
2021  54    44.0    38.0    36.0    25.0    35.0    53.0    21.0    27.0    45.0  -999.0    25.0    40.0    40.0  -999.0    45.0    38.0    51.0    36.0    40.0    28.0    35.0  -999.0  -999.0    23.0  -999.0
2021  55    66.0    75.0    65.0  -999.0    72.0    92.0    79.0    48.0    96.0    65.0    67.0    76.0    78.0    82.0    89.0    77.0    96.0     0.0    94.0    38.0    49.0  -999.0  -999.0    33.0    56.0
2021  56    86.0    80.0    67.0  -999.0    84.0   104.0    81.0  -999.0    93.0    60.0    66.0    79.0   111.0    92.0    96.0    82.0    99.0    63.0    93.0    58.0    69.0  -999.0  -999.0    40.0    60.0
2021  57    80.0    64.0    59.0    78.0    70.0    93.0    59.0  -999.0    81.0    51.0    51.0    66.0    81.0    72.0    71.0    61.0    83.0    66.0    68.0    45.0    53.0  -999.0  -999.0    36.0    44.0
2021  58    72.0    67.0    52.0    71.0    52.0    82.0    67.0    48.0    84.0    64.0    63.0    78.0    70.0    72.0    92.0    67.0    93.0    71.0    88.0    38.0    44.0  -999.0  -999.0    41.0    59.0
2021  59    68.0    45.0    43.0    62.0    54.0    74.0    27.0    33.0    65.0    38.0    36.0    49.0    63.0    61.0    45.0    46.0    67.0    51.0    61.0    31.0    30.0  -999.0  -999.0    40.0    49.0
2021  60    32.0    28.0    23.0    35.0    35.0    51.0    22.0    34.0    41.0    25.0    26.0    32.0    47.0    33.0    35.0    28.0    39.0    31.0    35.0    30.0    47.0  -999.0  -999.0    30.0    27.0
2021  61    39.0    44.0    33.0    43.0    36.0    51.0    23.0    34.0    41.0    35.0    33.0    33.0    51.0    50.0    37.0    41.0    48.0    40.0    48.0    30.0    42.0  -999.0  -999.0    29.0    37.0
2021  62    49.0    46.0    37.0    49.0    38.0    56.0    19.0    31.0    47.0    36.0    41.0    39.0    50.0    56.0    51.0    45.0    56.0    45.0    64.0    30.0    37.0  -999.0  -999.0    29.0    39.0
2021  63    52.0    47.0    38.0    43.0    32.0    52.0    21.0    28.0    41.0    38.0    39.0    38.0    37.0    55.0    48.0    44.0    59.0    44.0    62.0    24.0    34.0  -999.0  -999.0    30.0    44.0
2021  64    43.0    40.0    30.0    41.0    31.0    42.0    24.0    20.0    36.0    32.0    30.0    29.0    28.0    46.0    41.0    27.0    47.0    36.0    46.0    22.0    21.0  -999.0  -999.0    28.0    32.0
2021  65    38.0    40.0    24.0    31.0    28.0    40.0    13.0    17.0    27.0    22.0    20.0    24.0    36.0    33.0    29.0    24.0    36.0    26.0    34.0    16.0    19.0  -999.0  -999.0    23.0    22.0
2021  66    23.0    17.0    20.0    26.0    22.0    31.0    16.0    14.0    32.0    12.0    20.0    25.0    27.0    19.0    25.0    16.0    27.0    20.0    31.0    14.0    15.0  -999.0  -999.0    20.0    19.0
2021  67    23.0    15.0    12.0    14.0    21.0    26.0     5.0     7.0    17.0    13.0     8.0    13.0    11.0    16.0    14.0    13.0    15.0    11.0    21.0     9.0     9.0  -999.0  -999.0    15.0    13.0
2021  68    17.0     6.0     6.0    10.0    11.0    13.0     1.0     4.0    12.0  -999.0     6.0     9.0     8.0     8.0     6.0     5.0    11.0     8.0    15.0     3.0     7.0  -999.0  -999.0    10.0     8.0
2021  69    13.0    17.0    11.0    12.0    16.0    21.0    11.0    13.0    14.0    12.0    11.0    14.0    16.0    16.0    13.0    12.0    17.0    16.0    17.0    12.0    13.0  -999.0  -999.0    11.0    12.0
2021  70    23.0    25.0    18.0    20.0    22.0    25.0    16.0    18.0    25.0    17.0    20.0    20.0    24.0    31.0    21.0    19.0    27.0    19.0    27.0    14.0    22.0  -999.0  -999.0    11.0    16.0
2021  71    21.0    29.0    23.0    18.0    29.0    37.0    18.0    25.0    20.0    21.0    15.0  -999.0    23.0    37.0    29.0    20.0    27.0    20.0    24.0    18.0    21.0  -999.0  -999.0    15.0    17.0
2021  72    25.0    26.0    21.0    23.0    26.0    31.0    23.0    23.0    21.0    19.0    19.0    21.0    26.0    35.0    27.0    21.0    27.0    21.0    28.0    24.0    22.0  -999.0  -999.0    20.0    24.0
2021  73    23.0    15.0    12.0    16.0    16.0    20.0    11.0    16.0    20.0    13.0    17.0    15.0    22.0    22.0    17.0    15.0    20.0    19.0    30.0    18.0    16.0  -999.0  -999.0    33.0    28.0
2021  74    11.0     8.0     8.0    14.0     9.0    19.0     8.0     9.0    17.0  -999.0     8.0    13.0    14.0    17.0    12.0     8.0    18.0    11.0    15.0    13.0    12.0  -999.0  -999.0    28.0    12.0
2021  75    28.0    25.0    21.0    23.0    21.0    34.0    10.0    15.0    27.0    21.0    16.0    22.0    39.0    27.0    23.0    20.0    32.0    24.0    29.0    16.0    21.0  -999.0  -999.0    25.0    21.0
2021  76    24.0    23.0    19.0    19.0    22.0    31.0     8.0    14.0    19.0    20.0    14.0    17.0    23.0    24.0    17.0    17.0    25.0    18.0    24.0    11.0    16.0  -999.0  -999.0    21.0    19.0
2021  77    17.0    27.0    15.0    15.0    14.0    18.0     2.0    13.0    21.0    18.0    12.0    17.0    23.0    17.0    16.0    14.0    19.0    15.0    20.0     9.0    17.0  -999.0  -999.0    16.0    14.0
2021  78    17.0    24.0    15.0    16.0    18.0    25.0    11.0    10.0    23.0    18.0    13.0    20.0    25.0    23.0    16.0    17.0    23.0    18.0    29.0     9.0    17.0  -999.0  -999.0    14.0    15.0
2021  79    16.0    11.0    10.0    14.0    13.0    16.0     8.0    10.0    14.0     9.0    12.0    13.0    17.0    12.0     9.0     7.0    14.0    12.0    21.0     7.0    13.0  -999.0  -999.0    11.0    11.0
2021  80    12.0     9.0     5.0     9.0    14.0    20.0     9.0    11.0    13.0     6.0    12.0    11.0    13.0     9.0     9.0     5.0    11.0    10.0    15.0     8.0    14.0  -999.0  -999.0    11.0    11.0
2021  81    13.0    15.0    11.0    12.0    18.0    19.0     6.0    16.0    14.0    13.0    13.0    12.0    20.0    16.0    13.0    11.0    16.0    17.0    15.0    11.0    17.0  -999.0  -999.0    11.0    10.0
2021  82    12.0    22.0    15.0    12.0    14.0    18.0     7.0    19.0    13.0    15.0    14.0    12.0    22.0    19.0    12.0    12.0    16.0    16.0    15.0    11.0    21.0  -999.0  -999.0    14.0    14.0
2021  83    20.0    24.0    18.0    18.0    15.0    25.0    11.0    19.0    27.0    17.0    13.0    20.0    27.0    26.0    20.0    22.0    24.0    18.0    19.0    10.0    17.0  -999.0  -999.0    13.0    12.0
2021  84    30.0    33.0    31.0    28.0    22.0    37.0    18.0    25.0    33.0    32.0    23.0    25.0    31.0    41.0    34.0    38.0    39.0    32.0    32.0    16.0    21.0  -999.0  -999.0    16.0    23.0
2021  85    30.0    27.0    27.0    29.0    23.0    38.0    18.0    18.0    26.0    29.0    23.0    25.0    24.0    35.0    35.0    36.0    35.0    28.0    43.0    13.0    15.0  -999.0  -999.0    18.0    24.0
2021  86    30.0    20.0    24.0    27.0    20.0    32.0    19.0    17.0    26.0    29.0    24.0    23.0    21.0    34.0    30.0    31.0    33.0    27.0    43.0    12.0    14.0  -999.0  -999.0    17.0    20.0
2021  87    29.0    20.0    23.0    29.0    22.0    30.0    19.0    22.0    26.0    28.0    22.0    22.0    20.0    29.0    25.0    25.0    28.0    26.0    34.0    14.0    13.0  -999.0  -999.0    18.0    22.0
2021  88    29.0    28.0    24.0    26.0    21.0    32.0    16.0    34.0    28.0    26.0    20.0    25.0    24.0    30.0    27.0    35.0    39.0    26.0    35.0    21.0    29.0  -999.0  -999.0    18.0    22.0
2021  89    35.0    27.0    18.0    35.0    25.0    38.0    15.0    37.0    38.0    24.0    30.0    31.0    33.0    37.0    32.0    39.0    45.0    33.0    38.0    26.0    34.0  -999.0  -999.0    18.0    26.0
2021  90    37.0    27.0    23.0    32.0    23.0    35.0    15.0    35.0    34.0    25.0    28.0    28.0    27.0    31.0    32.0    31.0    38.0    30.0    38.0    24.0    31.0  -999.0  -999.0    20.0    24.0
2021  91    36.0    24.0    22.0    26.0    25.0    36.0    16.0    22.0    31.0    18.0    27.0    29.0    27.0    26.0    29.0    22.0    30.0    21.0    36.0    18.0    24.0  -999.0  -999.0    16.0    20.0
2021  92    28.0    18.0    18.0    27.0    24.0    35.0    12.0    13.0    27.0    14.0    20.0    26.0    25.0    21.0    24.0    16.0    28.0    21.0    27.0    18.0    22.0  -999.0  -999.0    13.0    18.0
2021  93    25.0    17.0    17.0    24.0    24.0    38.0    16.0    15.0    25.0    17.0    22.0    20.0    20.0    24.0    22.0    17.0    25.0    22.0    28.0    14.0    17.0  -999.0  -999.0    14.0    18.0
2021  94    12.0     6.0     6.0    10.0     8.0    11.0     5.0     6.0    12.0     5.0    10.0    11.0     8.0    11.0     7.0     7.0    11.0    11.0    10.0     6.0     7.0  -999.0  -999.0    11.0     9.0
2021  95    11.0    12.0     7.0    14.0     9.0    16.0    12.0    11.0    17.0     9.0    12.0    16.0    14.0    13.0    13.0     7.0    15.0    14.0    17.0    10.0    12.0  -999.0  -999.0    10.0    13.0
2021  96    24.0    24.0    17.0    23.0    27.0    30.0    15.0    30.0    22.0    19.0    18.0    18.0    22.0    26.0    24.0    20.0    28.0    23.0    32.0    22.0    28.0  -999.0  -999.0    24.0    32.0
2021  97    13.0    16.0    10.0     8.0    13.0    13.0     8.0    18.0     9.0    11.0     4.0    11.0    15.0    16.0     8.0    10.0    15.0    15.0    10.0     9.0    14.0  -999.0  -999.0    18.0     9.0
2021  98    12.0    20.0    17.0    16.0    14.0    19.0     7.0    23.0    16.0    17.0    11.0    14.0    23.0    22.0    12.0    17.0    19.0    17.0    17.0    10.0    21.0  -999.0  -999.0    13.0    14.0
2021  99    21.0    28.0    21.0  -999.0    18.0    27.0    10.0    16.0    22.0    24.0    19.0    16.0    24.0    29.0    19.0    23.0    23.0    19.0    22.0    13.0    32.0  -999.0  -999.0    13.0    19.0
2021 100    21.0    25.0    21.0    20.0    17.0    27.0    13.0    14.0    21.0    24.0    15.0    18.0    22.0    27.0    19.0    22.0    23.0    19.0    21.0    12.0    19.0  -999.0  -999.0    12.0    15.0
2021 101    19.0    15.0    18.0    22.0    19.0    29.0    15.0    15.0    25.0    15.0    16.0  -999.0    20.0    20.0    27.0    14.0    29.0    20.0    23.0    14.0    14.0  -999.0  -999.0    16.0    21.0
2021 102    29.0  -999.0    18.0  -999.0    25.0    28.0    13.0    19.0    20.0    16.0    16.0  -999.0    12.0    25.0    26.0    16.0    31.0    20.0    28.0    16.0    15.0  -999.0  -999.0    18.0    17.0
2021 103    18.0    24.0    12.0    16.0    14.0    18.0    15.0  -999.0    20.0  -999.0  -999.0    16.0    13.0    16.0    19.0    15.0    23.0    16.0    22.0    19.0  -999.0  -999.0  -999.0    24.0    22.0
2021 104     9.0    16.0  -999.0    10.0    13.0    15.0     6.0     9.0    11.0  -999.0     6.0     9.0  -999.0    14.0     8.0     7.0    11.0     8.0    10.0     7.0    11.0  -999.0  -999.0    14.0     9.0
2021 105    16.0    20.0    14.0    16.0    12.0    17.0    11.0    13.0    17.0    13.0    14.0    12.0    15.0    18.0    15.0    13.0    19.0    14.0    19.0     8.0    12.0  -999.0  -999.0    13.0    15.0
2021 106    16.0    20.0    15.0    17.0    17.0    22.0    15.0    13.0    20.0    10.0    15.0    15.0    19.0    18.0    16.0    15.0    20.0    17.0  -999.0    14.0    16.0  -999.0  -999.0    12.0  -999.0
2021 107    14.0    15.0    10.0    13.0    12.0    19.0    11.0    12.0    20.0     9.0    13.0    14.0    23.0    13.0    11.0    10.0    14.0    13.0    17.0    11.0    12.0  -999.0  -999.0    10.0    13.0
2021 108    15.0    14.0     9.0    15.0    15.0    20.0    10.0     8.0    16.0    12.0    11.0    14.0    21.0    11.0    14.0    10.0    18.0    13.0    15.0    10.0    15.0  -999.0  -999.0    10.0    12.0
2021 109    12.0    14.0    15.0    14.0    13.0    20.0    13.0     9.0  -999.0    12.0    12.0    13.0    17.0    19.0    14.0    12.0    18.0    13.0    19.0     9.0    15.0  -999.0  -999.0     9.0    12.0
2021 110    20.0    21.0    21.0    19.0    18.0    25.0    16.0    12.0    18.0    17.0    15.0    16.0    18.0    26.0    21.0    19.0    30.0    18.0    22.0    13.0    22.0  -999.0  -999.0    11.0    21.0
2021 111    23.0    20.0    18.0    20.0    18.0    26.0    12.0    11.0    22.0    19.0    14.0    14.0    14.0    24.0    19.0    20.0    23.0    17.0    24.0    12.0    17.0  -999.0  -999.0    12.0    19.0
2021 112    14.0    17.0    18.0    10.0    12.0    14.0    14.0    10.0    15.0    11.0    11.0     9.0    11.0  -999.0    13.0  -999.0    15.0     9.0    15.0     9.0    12.0  -999.0  -999.0     9.0    12.0
2021 113    17.0    18.0    18.0    20.0    12.0    15.0     9.0    19.0    22.0    17.0    14.0    16.0    20.0    25.0    18.0    26.0    26.0    14.0    19.0    15.0    21.0  -999.0  -999.0    10.0    16.0
2021 114    18.0    18.0    13.0    15.0    13.0    22.0     8.0    20.0    19.0    16.0    12.0    17.0    16.0    18.0    13.0    20.0    19.0    13.0    34.0    11.0    16.0  -999.0  -999.0    11.0    14.0
2021 115    19.0    16.0    16.0    17.0    12.0    21.0    10.0    14.0    17.0    13.0    17.0    15.0    18.0    20.0    18.0    16.0    22.0    17.0    23.0    12.0    14.0  -999.0  -999.0    11.0    15.0
2021 116    20.0    18.0    13.0    21.0    16.0  -999.0     9.0     9.0    22.0    16.0    19.0    20.0    20.0    25.0    17.0    14.0    22.0    18.0    24.0    11.0    32.0  -999.0  -999.0    12.0    16.0
2021 117    33.0    26.0    19.0    30.0    32.0    32.0    21.0    25.0    31.0    22.0    24.0    26.0    28.0    31.0    41.0    22.0    41.0    26.0    33.0    24.0    28.0  -999.0  -999.0    20.0    30.0
2021 118    39.0    32.0    24.0    28.0    27.0    31.0    16.0    18.0    30.0    25.0    23.0    26.0    30.0    28.0    40.0    25.0    39.0    29.0    33.0    25.0    27.0  -999.0  -999.0    23.0    27.0
2021 119    31.0    28.0    25.0    32.0    22.0    23.0    14.0    18.0    23.0    20.0    20.0    23.0    25.0    29.0    36.0    34.0    37.0    25.0    35.0    21.0    22.0  -999.0  -999.0    21.0    22.0
2021 120    25.0    25.0    29.0    24.0    23.0    28.0    17.0    21.0    26.0    22.0    22.0    21.0    25.0    35.0    24.0    27.0    29.0    22.0    24.0    18.0    26.0  -999.0  -999.0    18.0    25.0
2021 121    44.0    42.0    41.0    45.0    42.0    46.0    31.0    32.0    46.0    40.0    36.0    46.0    51.0    54.0    56.0    46.0    55.0    43.0    42.0    34.0    35.0  -999.0  -999.0    25.0    39.0
2021 122    32.0    23.0    20.0    24.0    17.0    20.0    25.0    26.0    23.0    23.0    20.0    18.0    24.0    29.0    22.0    29.0    23.0    21.0    23.0    24.0    24.0  -999.0  -999.0    34.0    30.0
2021 123    21.0    19.0    18.0    17.0    13.0    17.0    19.0    22.0    17.0    18.0    19.0    15.0    21.0    28.0    20.0    20.0    22.0    18.0    17.0    17.0    23.0  -999.0  -999.0    27.0    18.0
2021 124    16.0    22.0    15.0    17.0    17.0    19.0    13.0    10.0    15.0    15.0    16.0    12.0    21.0    21.0    16.0    14.0    18.0    12.0    14.0     9.0    15.0  -999.0  -999.0    18.0    15.0
2021 125  -999.0    14.0    12.0    15.0    13.0    17.0     8.0    10.0    13.0    12.0    11.0    14.0    14.0    23.0    14.0    13.0    17.0    14.0    12.0     8.0    11.0  -999.0  -999.0    13.0    13.0
2021 126    17.0    15.0    12.0    14.0    16.0     9.0    24.0    16.0    16.0    11.0    15.0    15.0    17.0    28.0    21.0    16.0    19.0    16.0    17.0    19.0    26.0  -999.0  -999.0    15.0    18.0
2021 127    18.0    16.0    13.0    14.0    14.0    16.0    16.0    14.0    14.0    14.0    16.0    11.0    15.0    25.0    21.0    14.0    19.0    13.0    13.0    13.0    23.0  -999.0  -999.0    14.0    16.0
2021 128    15.0    18.0    16.0    17.0    16.0    18.0    11.0    17.0    17.0    17.0    14.0    15.0    18.0    22.0    19.0    17.0    20.0    15.0    15.0    14.0    20.0  -999.0  -999.0    14.0    15.0
2021 129    18.0    18.0    17.0    17.0    17.0    28.0    15.0    17.0    19.0    16.0    18.0    17.0    23.0    20.0    22.0    18.0    21.0    15.0    16.0    16.0    21.0  -999.0  -999.0    13.0    17.0
2021 130    18.0    17.0    17.0    20.0    16.0    21.0     7.0    13.0    19.0    15.0    21.0  -999.0    16.0    21.0    17.0    16.0    20.0    18.0    15.0    10.0    23.0  -999.0  -999.0    14.0    18.0
2021 131    25.0    18.0    18.0    25.0    25.0    25.0    16.0    12.0    18.0    17.0    18.0    17.0    20.0    29.0    26.0    26.0    25.0    19.0    20.0    11.0    22.0  -999.0  -999.0    14.0    21.0
2021 132    18.0    19.0    15.0    19.0    17.0    17.0    12.0    18.0    14.0    13.0    17.0    16.0    18.0    22.0    29.0    15.0    29.0    19.0    16.0    25.0    25.0  -999.0  -999.0    21.0    27.0
2021 133    22.0    18.0    12.0    21.0    14.0    15.0    20.0    29.0    15.0    17.0    18.0    16.0    18.0    25.0    22.0    18.0    24.0    17.0    19.0    23.0    31.0  -999.0  -999.0    26.0    30.0
2021 134    24.0    15.0    15.0    24.0    15.0    18.0    17.0    13.0    11.0    12.0    15.0    14.0    21.0    28.0    24.0    16.0    25.0    28.0    14.0    15.0    18.0  -999.0  -999.0  -999.0    19.0
2021 135    10.0    11.0     8.0     8.0     7.0     9.0     6.0    10.0     9.0    11.0     9.0    10.0    12.0    11.0    10.0    11.0    11.0     9.0    17.0     8.0    11.0  -999.0  -999.0    10.0    12.0
2021 136    15.0    16.0    13.0    17.0    13.0    14.0    19.0    13.0    10.0    12.0    13.0    12.0    13.0    24.0    21.0    14.0    19.0    15.0    14.0    14.0    18.0  -999.0  -999.0    12.0    14.0
2021 137    21.0    24.0    20.0    24.0    20.0    23.0    11.0    23.0    19.0    21.0    20.0    20.0    25.0    27.0    26.0    21.0    26.0    23.0    33.0    22.0    26.0  -999.0  -999.0    21.0    27.0
2021 138    24.0    21.0    17.0    22.0    19.0    22.0    30.0    24.0    16.0    19.0    21.0    19.0    25.0    26.0    21.0    23.0    23.0    22.0    18.0    20.0    31.0  -999.0  -999.0    23.0    26.0
2021 139    23.0    19.0    17.0    20.0    18.0    20.0    12.0    22.0    15.0    15.0    18.0    16.0    25.0    24.0    20.0    20.0    21.0    23.0    17.0    21.0    28.0  -999.0  -999.0    25.0    25.0
2021 140    11.0    14.0    13.0    11.0    12.0    11.0     6.0    22.0     8.0    14.0    15.0    11.0    16.0    19.0     8.0    12.0    12.0    12.0     9.0    11.0    15.0  -999.0  -999.0    19.0    11.0
2021 141    14.0    16.0    12.0    17.0    12.0    14.0     9.0    13.0    10.0    16.0    16.0    10.0    15.0    26.0    11.0    14.0    14.0    12.0    12.0    11.0    20.0  -999.0  -999.0    16.0    17.0
2021 142    16.0    19.0    14.0    15.0    12.0    18.0    17.0    14.0    13.0    14.0    15.0    16.0    16.0    34.0    15.0    16.0    17.0    16.0    14.0    12.0    46.0  -999.0  -999.0    15.0    22.0
2021 143    23.0    23.0    20.0    27.0    23.0    24.0    33.0    19.0    20.0    24.0    21.0    20.0    22.0    27.0    38.0    21.0    34.0    24.0    20.0    22.0    31.0  -999.0  -999.0    21.0    29.0
2021 144    39.0    26.0    20.0    31.0    24.0    25.0    23.0    25.0    25.0    22.0    25.0    24.0    27.0    33.0    34.0    25.0    33.0    29.0    24.0    24.0    42.0  -999.0  -999.0    22.0    29.0
2021 145    32.0    21.0    17.0    23.0    15.0    21.0     4.0    34.0    17.0    13.0    17.0    19.0    21.0    18.0    30.0    20.0    29.0    29.0    18.0    12.0    17.0  -999.0  -999.0    22.0    23.0
2021 146    20.0    18.0    13.0    22.0    23.0    27.0     6.0    19.0    18.0    10.0    17.0    20.0    28.0    17.0    18.0    17.0    22.0    29.0    15.0    13.0    18.0  -999.0  -999.0    18.0    20.0
2021 147    18.0    18.0    14.0    18.0    18.0    23.0     8.0    18.0    16.0     8.0    18.0    19.0    21.0    16.0    19.0    16.0    22.0    29.0    15.0    14.0    21.0  -999.0  -999.0    15.0    15.0
2021 148    19.0    20.0    16.0    22.0    27.0  -999.0    10.0    18.0    18.0    11.0    20.0  -999.0    21.0  -999.0    21.0    17.0    21.0    29.0    15.0    17.0    19.0  -999.0  -999.0    14.0    16.0
2021 149    19.0    16.0    13.0    18.0    20.0    23.0    10.0    11.0    16.0    11.0    17.0    16.0    23.0  -999.0    20.0    17.0    23.0    29.0    18.0    13.0    20.0  -999.0  -999.0    12.0    16.0
2021 150    14.0    13.0    12.0    18.0    19.0    16.0     7.0    15.0    13.0     8.0    13.0    15.0    18.0  -999.0    10.0    10.0    18.0    29.0    13.0    10.0    10.0  -999.0  -999.0    10.0    16.0
2021 151    11.0    13.0    11.0    15.0    14.0    16.0     9.0    12.0    13.0    12.0    15.0    13.0    18.0  -999.0    11.0    11.0    13.0  -999.0    13.0    10.0    17.0  -999.0  -999.0    10.0    12.0
2021 152    15.0    17.0    14.0    17.0    15.0    18.0     9.0    15.0    14.0    17.0    17.0  -999.0    20.0    24.0    15.0    17.0    20.0  -999.0    15.0    12.0    20.0  -999.0  -999.0    12.0    18.0
2021 153    17.0    22.0    16.0    19.0    16.0    20.0     9.0    29.0    14.0    24.0    16.0  -999.0    20.0    22.0    15.0    19.0    20.0    18.0    15.0    16.0    18.0  -999.0  -999.0    13.0    18.0
2021 154    18.0    21.0    20.0    19.0    17.0    21.0     9.0    26.0    15.0    22.0    20.0  -999.0    21.0    26.0    17.0    21.0    21.0    19.0    15.0    15.0    36.0  -999.0  -999.0    14.0    18.0
2021 155    19.0    25.0    19.0    21.0    18.0    22.0    10.0    17.0    18.0    22.0    23.0    22.0    23.0    26.0    17.0    22.0    21.0    18.0    16.0    14.0    29.0  -999.0  -999.0    14.0    22.0
2021 156    21.0    23.0    18.0    21.0    17.0    25.0    15.0    15.0    17.0    22.0    19.0    24.0    21.0    25.0    23.0    21.0    26.0    23.0    16.0    15.0    22.0  -999.0  -999.0    14.0    22.0
2021 157    19.0    14.0    14.0    19.0    17.0    19.0    16.0    10.0    14.0    17.0    15.0    21.0    17.0    23.0    19.0    16.0    18.0    17.0    16.0    12.0    15.0  -999.0  -999.0    14.0    18.0
2021 158    22.0    15.0    14.0    17.0    12.0    17.0    13.0    15.0    12.0    12.0    15.0    18.0    14.0    18.0    17.0    14.0    21.0    14.0    14.0    17.0    25.0  -999.0  -999.0    13.0    15.0
2021 159  -999.0    15.0    13.0    18.0    16.0    17.0    12.0    16.0    11.0    14.0    16.0    16.0    14.0    19.0    19.0    13.0    19.0    19.0    16.0    13.0    24.0  -999.0  -999.0    13.0  -999.0
2021 160  -999.0    20.0    13.0    21.0    19.0    24.0    11.0    13.0    15.0    12.0    17.0    20.0    18.0    21.0    20.0    17.0    21.0    19.0    15.0    12.0    20.0  -999.0  -999.0    12.0  -999.0
2021 161    25.0    21.0    19.0    21.0    18.0    20.0    12.0    18.0    18.0    21.0    19.0    22.0    21.0    24.0    22.0    20.0    23.0    22.0    19.0    20.0    26.0  -999.0  -999.0    15.0  -999.0
2021 162    20.0    19.0    15.0    16.0    22.0    21.0    16.0    17.0    17.0    15.0    18.0    20.0    21.0    22.0    16.0    16.0    17.0    18.0    17.0    17.0    26.0  -999.0  -999.0    14.0    17.0
2021 163    14.0    22.0    14.0    16.0    12.0    17.0    11.0    17.0    14.0    12.0    16.0    13.0    16.0    21.0    17.0    16.0    17.0    15.0    14.0    17.0    24.0  -999.0  -999.0    14.0    15.0
2021 164    17.0    18.0    17.0    19.0    15.0    21.0    10.0    16.0    15.0    15.0    18.0    15.0    16.0    19.0    14.0    16.0    18.0    15.0    16.0    16.0    19.0  -999.0  -999.0    14.0    20.0
2021 165    23.0    24.0    18.0    20.0    22.0    22.0    21.0    21.0    20.0    20.0    22.0    19.0    22.0    26.0    29.0    23.0    28.0    20.0    18.0    16.0    27.0  -999.0  -999.0    14.0    18.0
2021 166    21.0    21.0    17.0    22.0    19.0    21.0    30.0    17.0    19.0    21.0    20.0    18.0    20.0    22.0    22.0    23.0    22.0    20.0    18.0    16.0    31.0  -999.0  -999.0  -999.0    18.0
2021 167    21.0    19.0    19.0    22.0    21.0    24.0    19.0    13.0    17.0  -999.0    29.0    20.0    22.0    22.0    25.0    20.0    27.0    21.0    18.0    15.0    28.0  -999.0  -999.0    13.0    17.0
2021 168    19.0    18.0    18.0    18.0    21.0    24.0     7.0    14.0    21.0  -999.0    18.0    20.0    23.0    23.0    22.0    20.0    24.0    16.0    16.0    12.0    20.0  -999.0  -999.0    13.0    15.0
2021 169    21.0    18.0    16.0    23.0    22.0    25.0    10.0    14.0    18.0  -999.0    20.0    20.0    28.0    27.0    20.0    19.0    20.0    20.0    20.0    13.0    23.0  -999.0  -999.0    13.0    17.0
2021 170    21.0    19.0    17.0    25.0    21.0    26.0    11.0    21.0    20.0  -999.0    22.0    22.0    22.0    24.0    18.0    19.0  -999.0    20.0    17.0    17.0    32.0  -999.0  -999.0    14.0    20.0
2021 171    23.0    20.0    17.0    30.0    27.0    35.0    21.0    24.0    24.0  -999.0    30.0    26.0    28.0    28.0    22.0    22.0    23.0    22.0    24.0    21.0    25.0  -999.0  -999.0    17.0    23.0
2021 172    34.0    33.0    28.0    40.0    45.0    48.0    51.0    19.0    45.0  -999.0    33.0    43.0    49.0    38.0    38.0    34.0    37.0    33.0    31.0    28.0    42.0  -999.0  -999.0    21.0    25.0
2021 173    39.0    44.0    36.0    47.0    57.0    62.0    31.0    30.0    44.0    38.0    43.0    46.0    49.0    41.0    55.0    44.0    48.0    44.0    39.0    35.0    42.0  -999.0  -999.0    26.0    34.0
2021 174    52.0    54.0    43.0    60.0    72.0    76.0    48.0    39.0    65.0    53.0    49.0    57.0    64.0    51.0    69.0    55.0    65.0    57.0    48.0    39.0    48.0  -999.0  -999.0    33.0    42.0
2021 175    48.0    50.0    38.0    56.0    81.0    83.0    45.0    23.0    56.0    44.0    36.0    53.0    62.0    41.0    72.0    46.0    61.0    44.0    34.0    25.0    36.0  -999.0  -999.0    28.0    28.0
2021 176    26.0    26.0    17.0    30.0    35.0    44.0     9.0    16.0    25.0    20.0    21.0    24.0    27.0    24.0    25.0    25.0    22.0    21.0    18.0    15.0    32.0  -999.0  -999.0    22.0    17.0
2021 177    15.0    20.0    13.0    20.0    14.0    21.0     7.0    23.0    15.0    17.0    18.0    19.0    17.0    18.0    15.0    17.0    17.0    17.0    17.0    16.0    20.0  -999.0  -999.0    18.0    16.0
2021 178    28.0    18.0    14.0    21.0    17.0    22.0    11.0    19.0    16.0    20.0    23.0    23.0    17.0    20.0    16.0    18.0    18.0    18.0    19.0    20.0    20.0  -999.0  -999.0    17.0    20.0
2021 179    30.0    34.0    29.0    43.0    36.0    45.0    35.0    21.0    32.0    37.0    38.0    36.0    42.0  -999.0    55.0    34.0    49.0    37.0    32.0    19.0    34.0  -999.0  -999.0    23.0    32.0
2021 180    50.0    45.0    42.0    65.0    67.0    66.0    74.0    34.0    50.0    43.0    46.0    54.0    64.0    49.0    66.0    49.0    67.0    51.0    45.0    42.0    48.0  -999.0  -999.0    32.0    48.0
2021 181    35.0    27.0    19.0    36.0    35.0    42.0    32.0    20.0    32.0    26.0    28.0    30.0    38.0    28.0    39.0    28.0    30.0    25.0    24.0    25.0    44.0  -999.0  -999.0    27.0    23.0
2021 182    23.0    23.0    17.0    32.0    22.0    25.0     3.0    20.0    19.0    22.0    27.0    23.0    29.0    24.0    41.0    28.0    39.0    23.0    20.0    24.0    44.0  -999.0  -999.0    25.0    21.0
2021 183    19.0    17.0    16.0    23.0    20.0    23.0    11.0    25.0    18.0  -999.0    24.0    21.0    22.0    18.0    19.0    18.0    20.0    18.0    19.0    22.0    34.0  -999.0  -999.0    21.0    17.0
2021 184    18.0    18.0    14.0    20.0    15.0    17.0    18.0    14.0    16.0    22.0    22.0    20.0    19.0    21.0    20.0    17.0    21.0    18.0    18.0    16.0    21.0  -999.0  -999.0    18.0    18.0
2021 185    16.0    15.0    12.0    18.0    17.0  -999.0    40.0    11.0    13.0    16.0    18.0    15.0    16.0    19.0    25.0    15.0    26.0    17.0    14.0    11.0    22.0  -999.0  -999.0    16.0    18.0
2021 186    13.0    16.0    13.0    18.0    18.0  -999.0  -999.0    21.0    14.0    13.0    17.0    18.0    20.0    17.0    18.0    15.0    23.0    14.0    16.0    15.0    21.0  -999.0  -999.0    14.0  -999.0
2021 187    19.0    24.0    19.0    27.0    23.0    27.0    14.0    12.0    19.0    23.0    26.0    47.0    25.0    25.0    24.0    23.0    24.0    23.0    21.0    17.0    27.0  -999.0  -999.0    17.0    23.0
2021 188    22.0    25.0    19.0    24.0    24.0    27.0     8.0    13.0    19.0  -999.0    21.0    30.0    24.0    26.0    24.0    23.0    28.0    22.0    18.0    16.0    30.0  -999.0  -999.0    16.0    19.0
2021 189    21.0    24.0    19.0    26.0    18.0    21.0    58.0    18.0    23.0    22.0    28.0    28.0    26.0    28.0    30.0    22.0    30.0    22.0    17.0    17.0    41.0  -999.0  -999.0    17.0    26.0
2021 190    19.0    21.0    15.0    20.0    17.0    25.0  -999.0    18.0    17.0    17.0    22.0    23.0  -999.0    20.0    18.0    21.0    23.0    20.0    18.0    14.0    24.0  -999.0  -999.0    17.0    19.0
2021 191    18.0    22.0    18.0    25.0    18.0    23.0     9.0    22.0    17.0    18.0    23.0    21.0    19.0    21.0    21.0    19.0    20.0    18.0    19.0    18.0    23.0  -999.0  -999.0    17.0    19.0
2021 192    20.0    19.0    14.0    23.0    17.0    22.0    13.0    22.0    15.0    18.0    17.0    20.0    21.0    18.0    24.0    20.0    26.0    19.0    18.0    19.0    22.0  -999.0  -999.0    17.0    21.0
2021 193    18.0    17.0    13.0    20.0    24.0    21.0    16.0    15.0    20.0    18.0    23.0    19.0    18.0    22.0    23.0    18.0    26.0    20.0    17.0    20.0    28.0  -999.0  -999.0    17.0    20.0
2021 194    24.0    28.0    24.0    34.0    31.0    33.0    34.0    22.0    30.0    28.0    28.0    51.0    34.0    35.0    35.0    28.0    33.0    30.0    31.0    21.0    69.0  -999.0  -999.0    21.0    35.0
2021 195    24.0    26.0    19.0    25.0    26.0    22.0    28.0    22.0    16.0    21.0    26.0    21.0    27.0    20.0    33.0    22.0    32.0    25.0    20.0    23.0    39.0  -999.0  -999.0    25.0    27.0
2021 196    22.0    19.0    15.0    27.0    20.0    20.0    36.0    20.0    15.0    19.0    25.0    16.0    20.0    19.0    32.0    19.0    31.0    20.0    20.0    21.0    41.0  -999.0  -999.0    22.0    24.0
2021 197    18.0    22.0    15.0    23.0    15.0  -999.0    18.0    24.0    15.0    17.0    20.0    16.0    21.0    18.0    25.0    16.0    24.0    16.0    17.0    18.0    30.0  -999.0  -999.0    19.0    22.0
2021 198    15.0     8.0     8.0    10.0    10.0    15.0     6.0    21.0    13.0    12.0    11.0    13.0    14.0     7.0    12.0     8.0    12.0    10.0    12.0    11.0     9.0  -999.0  -999.0    19.0    15.0
2021 199    13.0     8.0    10.0    12.0    13.0    14.0    10.0    22.0    11.0    14.0    14.0    18.0    13.0    11.0    11.0    10.0    14.0    10.0    13.0    13.0    13.0  -999.0  -999.0    21.0    17.0
2021 200    16.0    18.0    17.0    19.0    15.0    20.0    14.0    17.0    17.0    16.0    19.0    19.0    20.0    29.0    27.0    17.0    25.0    20.0    16.0    16.0    15.0  -999.0  -999.0    20.0    22.0
2021 201    20.0    21.0    16.0    19.0    16.0  -999.0    14.0    26.0    17.0    21.0    26.0    20.0    22.0    30.0    15.0    19.0    22.0    20.0    17.0    23.0    25.0  -999.0  -999.0    19.0    20.0
2021 202    19.0    27.0    20.0    24.0    17.0  -999.0    16.0    26.0    18.0    38.0    26.0    21.0    25.0    35.0    26.0    23.0    27.0    21.0    19.0    22.0    33.0  -999.0  -999.0    19.0    24.0
2021 203    21.0    28.0    22.0    25.0    24.0    18.0    15.0    26.0    22.0    31.0    32.0    25.0    28.0    35.0    25.0    30.0    28.0    25.0    21.0    25.0    35.0  -999.0  -999.0    20.0    23.0
2021 204    25.0    23.0    17.0    28.0    21.0    25.0    15.0    29.0    22.0    27.0    15.0    25.0    29.0    19.0    30.0    24.0    31.0    23.0    20.0    23.0    33.0  -999.0  -999.0    18.0    19.0
2021 205    20.0    19.0    16.0    24.0    22.0    26.0    14.0    14.0    20.0    12.0    26.0    20.0    22.0    16.0    19.0    18.0    21.0    18.0    19.0    17.0    22.0  -999.0  -999.0    16.0    15.0
2021 206    21.0    17.0    16.0    26.0    19.0    20.0    21.0    19.0    20.0    17.0    25.0    39.0    21.0    26.0    22.0    20.0    18.0    22.0    23.0    23.0    66.0  -999.0  -999.0    19.0    40.0
2021 207    21.0    25.0    20.0    26.0    23.0    26.0    22.0    22.0  -999.0    21.0    29.0    25.0    25.0    28.0    26.0    24.0    26.0    25.0    24.0    26.0    26.0  -999.0  -999.0    21.0    29.0
2021 208    27.0    30.0    23.0    29.0    30.0    29.0    48.0    17.0  -999.0    23.0    32.0    25.0    23.0    29.0    45.0    26.0    39.0    25.0    25.0    22.0    27.0  -999.0  -999.0    23.0    28.0
2021 209    25.0    21.0    21.0    24.0    30.0    32.0  -999.0    16.0  -999.0    18.0    34.0    24.0    30.0    26.0    21.0    23.0    22.0    22.0    23.0    18.0    30.0  -999.0  -999.0    22.0    20.0
2021 210    29.0    27.0    25.0    32.0    29.0    32.0    25.0    23.0    27.0    15.0    32.0    29.0    39.0    33.0    42.0    28.0    41.0    29.0    25.0    23.0    26.0  -999.0  -999.0    24.0    27.0
2021 211    28.0    27.0    25.0    39.0    29.0    31.0    19.0    27.0    31.0    22.0    30.0    32.0    40.0    35.0    28.0    28.0    35.0    34.0    29.0    30.0    35.0  -999.0  -999.0    25.0    27.0
2021 212    32.0    27.0    25.0    42.0  -999.0    37.0    62.0    23.0  -999.0    31.0    32.0    31.0    35.0    37.0    38.0    28.0    41.0    34.0    29.0    27.0    34.0  -999.0  -999.0    26.0    29.0
2021 213    32.0    25.0    23.0    37.0  -999.0    36.0    29.0    30.0  -999.0    31.0    27.0    26.0    41.0    33.0    30.0    27.0    32.0    28.0    27.0    29.0    49.0  -999.0  -999.0    27.0    31.0
2021 214    21.0    18.0    17.0    28.0    21.0    23.0    17.0    17.0  -999.0    21.0    21.0    20.0    24.0    25.0    30.0    21.0    26.0    21.0    20.0    19.0    26.0  -999.0  -999.0    24.0    21.0
2021 215    17.0    17.0    14.0    23.0    16.0    17.0    16.0    15.0  -999.0    19.0    20.0    17.0    18.0    25.0    23.0    18.0    19.0    18.0    15.0    14.0    25.0  -999.0  -999.0    19.0    18.0
2021 216    18.0    25.0    23.0    35.0    33.0    32.0    47.0    22.0    24.0    32.0    27.0    31.0    33.0    32.0    50.0    27.0    73.0    27.0    23.0    17.0    30.0  -999.0  -999.0    20.0    24.0
2021 217    25.0    21.0    14.0    32.0    19.0    24.0    26.0    26.0    22.0    19.0    19.0    20.0    25.0    23.0    31.0    20.0    34.0    15.0    19.0    21.0    39.0  -999.0  -999.0    20.0    25.0
2021 218    22.0    21.0    15.0    28.0    20.0    23.0     7.0    26.0    19.0    18.0    26.0    19.0    22.0    23.0    43.0    22.0    39.0    22.0    20.0    23.0    36.0  -999.0  -999.0    19.0    21.0
2021 219    15.0    16.0    14.0    21.0    18.0    18.0    11.0    16.0    16.0    20.0    19.0    20.0    12.0    23.0    17.0    16.0    17.0    16.0    17.0    13.0    35.0  -999.0  -999.0    16.0    19.0
2021 220    21.0    24.0    16.0    32.0    37.0    23.0  -999.0    26.0    22.0    24.0    23.0    24.0    20.0    28.0  -999.0    24.0  -999.0    27.0    21.0    20.0    41.0  -999.0  -999.0    18.0    23.0
2021 221    24.0    34.0    23.0    35.0    38.0    29.0    18.0    25.0    27.0    29.0    28.0    27.0    30.0    33.0  -999.0    31.0  -999.0    27.0    23.0    24.0    46.0  -999.0  -999.0    21.0    27.0
2021 222    21.0    27.0    24.0    33.0    23.0    35.0    17.0    20.0    29.0    32.0    29.0    34.0    24.0    36.0    23.0    30.0    27.0    24.0    26.0    24.0    37.0  -999.0  -999.0    21.0    24.0
2021 223    31.0    38.0    28.0    42.0    39.0    47.0    21.0    33.0    38.0    36.0    34.0    42.0    39.0    41.0    42.0    39.0    45.0    35.0    30.0    32.0    38.0  -999.0  -999.0    24.0    32.0
2021 224    32.0    32.0    29.0    41.0    33.0    40.0  -999.0    40.0    32.0    36.0    40.0    41.0    34.0    41.0    32.0    39.0    44.0    36.0    34.0    34.0    48.0  -999.0  -999.0    28.0    34.0
2021 225    35.0    32.0    28.0    37.0    34.0    39.0  -999.0    17.0    52.0    38.0    38.0    66.0    35.0    39.0    36.0    38.0    44.0    31.0    32.0    30.0    39.0  -999.0  -999.0    27.0    29.0
2021 226    28.0    29.0    22.0    29.0    22.0    28.0  -999.0    21.0    28.0    39.0    37.0    38.0    29.0    34.0    33.0    34.0    31.0    27.0    25.0    25.0    32.0  -999.0  -999.0    26.0    29.0
2021 227    33.0    29.0    29.0    32.0    22.0    28.0  -999.0    33.0    29.0    33.0    32.0    35.0    26.0    34.0    30.0    30.0    37.0    26.0    27.0    32.0    40.0  -999.0  -999.0    25.0    28.0
2021 228    35.0    30.0    22.0    42.0    36.0    37.0  -999.0  -999.0    35.0    36.0    31.0    44.0    41.0    34.0    50.0    31.0    52.0    32.0    27.0    31.0    44.0  -999.0  -999.0    24.0    26.0
2021 229    30.0    30.0    22.0    44.0    40.0    34.0  -999.0    22.0    28.0    32.0    37.0    30.0    31.0    34.0  -999.0    35.0  -999.0    32.0    31.0    36.0    48.0  -999.0  -999.0    30.0    35.0
2021 230    36.0    41.0    28.0    45.0    42.0    32.0  -999.0    26.0    28.0    35.0    35.0    36.0    57.0    38.0    49.0    44.0    59.0    38.0    35.0    30.0    46.0  -999.0  -999.0    34.0    39.0
2021 231    26.0    31.0    23.0    38.0    25.0    26.0  -999.0  -999.0    25.0    27.0    33.0    28.0    35.0    30.0    37.0    33.0    42.0    29.0    27.0    30.0    43.0  -999.0  -999.0    30.0    28.0
2021 232    24.0    27.0    22.0    31.0    20.0    25.0    16.0  -999.0    21.0    27.0    28.0    23.0    28.0    30.0    24.0    29.0    25.0    30.0    24.0    23.0    36.0  -999.0  -999.0    25.0    23.0
2021 233    19.0    21.0    20.0    25.0    18.0    22.0    13.0    20.0    19.0    23.0    24.0    20.0    22.0    23.0    25.0    23.0    30.0    25.0    20.0    20.0    28.0  -999.0  -999.0    21.0    17.0
2021 234    21.0    20.0    16.0    25.0    14.0    22.0    12.0  -999.0    16.0    26.0    21.0    19.0    18.0    22.0    25.0    22.0    27.0    20.0    19.0    18.0    29.0  -999.0  -999.0    19.0    19.0
2021 235    17.0    19.0    12.0    22.0    21.0    20.0    14.0  -999.0    16.0    21.0    26.0    19.0    23.0    23.0    21.0    20.0    27.0    24.0    17.0    17.0    35.0  -999.0  -999.0    16.0    18.0
2021 236    17.0    18.0    16.0    20.0    17.0    18.0     8.0    11.0    15.0    18.0    26.0    15.0    15.0    20.0    44.0    17.0    22.0    17.0    16.0    17.0    30.0  -999.0  -999.0    16.0    21.0
2021 237    40.0    16.0    11.0    18.0    19.0    19.0     7.0  -999.0    16.0    14.0    19.0    16.0    21.0    18.0    19.0    28.0    23.0    15.0    14.0    15.0    16.0  -999.0  -999.0    14.0    16.0
2021 238    38.0    15.0    12.0    21.0    13.0    18.0     9.0  -999.0    15.0    14.0    15.0    14.0    20.0    17.0    26.0    16.0    25.0    14.0    18.0    17.0    25.0  -999.0  -999.0    13.0    21.0
2021 239    18.0    20.0    15.0    28.0    17.0    16.0    17.0  -999.0    16.0    22.0    23.0    18.0    23.0    24.0  -999.0    24.0    29.0    18.0    21.0    24.0    52.0  -999.0  -999.0    20.0    26.0
2021 240    20.0    13.0    14.0    20.0    16.0    20.0     9.0  -999.0    15.0    13.0    22.0    14.0    18.0    19.0  -999.0    13.0    17.0    16.0    18.0    22.0    20.0  -999.0  -999.0    20.0    22.0
2021 241     6.0     6.0     5.0     7.0     6.0    10.0     5.0  -999.0     7.0     6.0    11.0     7.0     9.0    10.0     0.0     7.0     4.0     6.0     9.0    10.0    10.0  -999.0  -999.0    19.0    10.0
2021 242  -999.0    15.0     9.0    16.0    10.0    11.0     5.0  -999.0    10.0    12.0    12.0    13.0    19.0    16.0     9.0    14.0    17.0    11.0    10.0    13.0    23.0  -999.0  -999.0    14.0  -999.0
2021 243    17.0    17.0    15.0    23.0    15.0  -999.0     7.0    14.0    13.0    18.0    19.0    13.0    24.0    21.0    17.0    19.0    22.0    13.0    14.0    12.0    22.0  -999.0  -999.0    14.0  -999.0
2021 244    16.0    19.0    13.0    16.0    15.0    22.0     7.0    14.0    13.0    22.0    19.0    14.0    21.0    21.0    15.0    18.0    19.0    14.0    11.0    15.0    30.0  -999.0  -999.0    12.0  -999.0
2021 245    17.0    21.0    16.0    20.0    21.0    18.0    12.0  -999.0    18.0    23.0    23.0    16.0    56.0    23.0    26.0    22.0    28.0    18.0    16.0    18.0    40.0  -999.0  -999.0    13.0    20.0
2021 246    19.0    20.0    17.0    28.0    19.0    29.0     8.0  -999.0    20.0    20.0    32.0    23.0    28.0    27.0    19.0    23.0    27.0    18.0    20.0    19.0    35.0  -999.0  -999.0    16.0    36.0
2021 247    27.0    22.0    16.0    26.0    20.0    24.0    12.0  -999.0    18.0  -999.0    25.0    20.0    28.0    30.0    25.0    24.0    31.0    20.0    20.0    18.0    19.0  -999.0  -999.0    17.0    24.0
2021 248    18.0    17.0    12.0    16.0    20.0    19.0    12.0   -17.0    14.0  -999.0    20.0    14.0    16.0    20.0    14.0    16.0    16.0    14.0    18.0    16.0    22.0  -999.0  -999.0    17.0    20.0
2021 249    19.0    20.0    18.0    24.0    15.0    18.0    15.0  -999.0    15.0  -999.0    24.0    20.0    21.0    24.0    19.0    19.0    23.0    17.0    16.0    20.0    26.0  -999.0  -999.0    17.0    20.0
2021 250    15.0    27.0    20.0    28.0    21.0    26.0    17.0    23.0    34.0    27.0    28.0    26.0    30.0    32.0    24.0    27.0    29.0    23.0    22.0    26.0    39.0  -999.0  -999.0    20.0    24.0
2021 251    23.0    29.0    25.0    29.0    25.0    30.0    18.0     8.0    33.0    28.0    29.0    25.0    26.0    30.0    30.0    30.0    31.0    25.0    25.0    26.0    44.0  -999.0  -999.0    22.0    30.0
2021 252    21.0    22.0    17.0    24.0    23.0    25.0    13.0  -999.0    22.0    23.0    26.0    21.0    25.0    28.0    24.0    34.0    28.0    22.0    20.0    25.0    34.0  -999.0  -999.0    20.0    24.0
2021 253    27.0    26.0    21.0    28.0    24.0    28.0    20.0  -999.0    26.0    33.0    32.0    28.0    25.0    31.0    27.0    26.0    31.0    26.0    23.0    24.0    33.0  -999.0  -999.0    22.0    32.0
2021 254    27.0    29.0    21.0    34.0    23.0    28.0    20.0  -999.0    25.0    29.0    27.0    23.0    28.0    31.0    29.0    27.0    30.0    24.0    24.0    26.0    32.0  -999.0  -999.0    21.0    24.0
2021 255    23.0    22.0    22.0    23.0    24.0    26.0    17.0    25.0    20.0    26.0    24.0    22.0    26.0    26.0    22.0    23.0    27.0    23.0    22.0    26.0    30.0  -999.0  -999.0    21.0    23.0
2021 256    27.0    28.0    22.0    29.0    25.0    28.0    17.0  -999.0    23.0    26.0    28.0    26.0    27.0    29.0    37.0    29.0    40.0    24.0    24.0    29.0    42.0  -999.0  -999.0    22.0    25.0
2021 257    26.0    25.0    20.0    28.0    24.0  -999.0    13.0  -999.0    24.0    27.0    26.0    24.0    28.0    29.0    24.0    24.0    28.0    25.0    22.0    23.0    34.0  -999.0  -999.0    21.0    23.0
2021 258    25.0    26.0    20.0    26.0    27.0    26.0    10.0    14.0    21.0    31.0  -999.0    24.0    28.0    28.0    27.0    24.0    30.0    22.0    20.0    14.0    25.0  -999.0  -999.0    19.0    22.0
2021 259    22.0    24.0    17.0    23.0    22.0    23.0    18.0    14.0    21.0  -999.0  -999.0    21.0    19.0    33.0    21.0    23.0    27.0    22.0    16.0    16.0    40.0  -999.0  -999.0    17.0    17.0
2021 260    26.0    47.0    23.0    37.0    21.0    24.0    18.0    23.0    26.0  -999.0    26.0    26.0    30.0    34.0    37.0    34.0    43.0    26.0    25.0    25.0    42.0  -999.0  -999.0    20.0    27.0
2021 261    22.0    22.0    16.0    22.0    17.0    18.0    10.0    16.0    17.0    18.0    10.0    16.0    20.0    21.0    23.0    25.0    26.0    18.0    21.0    19.0    27.0  -999.0  -999.0    19.0    21.0
2021 262    17.0    17.0     9.0    20.0    16.0    18.0    10.0    18.0    11.0    14.0    16.0    12.0    12.0    16.0    14.0    15.0    17.0    10.0    16.0    16.0    23.0  -999.0  -999.0    18.0    17.0
2021 263    20.0    20.0    16.0    25.0    22.0    20.0    11.0    20.0    16.0    22.0    22.0    19.0    20.0    24.0    40.0    24.0    42.0    19.0    19.0    23.0    33.0  -999.0  -999.0    23.0    22.0
2021 264    22.0    19.0    21.0    23.0    17.0    18.0     8.0  -999.0    17.0    23.0    21.0    18.0  -999.0    23.0    23.0    21.0    29.0    16.0    17.0    18.0    25.0  -999.0  -999.0    19.0    17.0
2021 265    13.0    15.0    15.0    17.0    16.0    20.0     5.0    27.0    14.0    18.0    19.0    15.0  -999.0    19.0    12.0  -999.0    14.0    13.0    12.0    16.0    19.0  -999.0  -999.0    14.0    15.0
2021 266    15.0    19.0    16.0    18.0    16.0    17.0    10.0    19.0    16.0    19.0    18.0    16.0    19.0    19.0    20.0    43.0    26.0    16.0    15.0    14.0    28.0  -999.0  -999.0    12.0    15.0
2021 267    21.0    22.0    20.0    22.0    19.0    23.0     9.0    11.0    16.0    23.0    20.0    21.0    18.0    25.0    26.0    36.0    30.0  -999.0  -999.0    12.0    22.0  -999.0  -999.0    14.0    21.0
2021 268    23.0    22.0    19.0    25.0    21.0    28.0     9.0    10.0    16.0    25.0    22.0    18.0    22.0    25.0    26.0    26.0    32.0    21.0    19.0    11.0    23.0  -999.0  -999.0    15.0    20.0
2021 269    29.0    27.0    25.0    33.0    32.0    38.0    29.0    18.0    26.0    34.0    25.0    28.0    28.0    27.0    37.0    30.0    46.0    23.0    23.0    18.0    36.0  -999.0  -999.0    17.0    23.0
2021 270  -999.0    40.0    32.0    43.0    44.0    47.0    18.0    23.0    32.0    33.0    28.0    38.0    39.0    34.0  -999.0    42.0  -999.0    16.0    27.0    24.0    47.0  -999.0  -999.0    21.0    31.0
2021 271  -999.0    34.0    32.0    43.0    28.0    36.0    25.0    25.0    40.0    37.0    36.0    37.0    41.0    39.0    36.0    39.0    44.0  -999.0    32.0    31.0    43.0  -999.0  -999.0    26.0    33.0
2021 272    48.0    30.0    30.0    41.0    31.0    36.0    17.0    21.0    34.0    35.0    31.0    35.0    33.0    35.0    43.0    41.0    51.0  -999.0    26.0    25.0    29.0  -999.0  -999.0    25.0    25.0
2021 273    28.0    24.0    24.0    31.0    33.0    32.0     9.0  -999.0    22.0    28.0    27.0    24.0    30.0    30.0    24.0    26.0    31.0    20.0    21.0    17.0    24.0  -999.0  -999.0    22.0    23.0
2021 274    26.0    24.0    23.0    28.0    21.0    23.0    16.0  -999.0    23.0    31.0    29.0    23.0    25.0    27.0    27.0    24.0    35.0    24.0    21.0    23.0    22.0  -999.0  -999.0    20.0    24.0
2021 275    28.0    26.0    23.0    28.0    22.0    23.0    14.0    17.0    21.0    32.0    22.0    25.0    25.0    32.0  -999.0    25.0    33.0    25.0    81.0    16.0    18.0  -999.0  -999.0    19.0    19.0
2021 276    22.0    17.0    17.0    17.0    15.0    17.0    10.0    10.0    16.0    23.0    15.0    16.0    17.0    23.0  -999.0    18.0    25.0    19.0    15.0    11.0    18.0  -999.0  -999.0    15.0    11.0
2021 277    18.0    16.0    17.0    16.0    18.0    17.0    10.0    14.0    16.0    17.0    16.0    19.0    16.0    26.0    14.0    18.0    18.0    13.0    17.0    13.0    27.0  -999.0  -999.0    14.0    16.0
2021 278    17.0    18.0  -999.0    18.0    12.0    13.0    11.0    21.0    13.0    16.0    12.0    12.0  -999.0    22.0    19.0    20.0    24.0  -999.0    14.0    15.0    33.0  -999.0  -999.0    16.0    18.0
2021 279    19.0    16.0    22.0    20.0    13.0    14.0     6.0    15.0    13.0    18.0    13.0    13.0  -999.0    22.0    19.0    18.0    23.0    16.0    17.0    17.0    11.0  -999.0  -999.0    23.0    25.0
2021 280    14.0     5.0    10.0     8.0    11.0    13.0     1.0  -999.0     7.0     2.0    10.0     6.0    10.0     6.0     7.0  -999.0    10.0     6.0     5.0     4.0  -999.0  -999.0  -999.0    15.0     6.0
2021 281     8.0     6.0     8.0    10.0    12.0    13.0     5.0     7.0     9.0     7.0  -999.0     8.0    10.0     9.0     7.0    20.0    12.0     8.0     6.0     7.0     2.0  -999.0  -999.0    10.0     5.0
2021 282    10.0     8.0     7.0     9.0    14.0    14.0     8.0     6.0    10.0     9.0     9.0     7.0    11.0    10.0     7.0    21.0    13.0     9.0     7.0     5.0     1.0  -999.0  -999.0     7.0     8.0
2021 283     8.0    11.0    21.0     9.0     5.0     8.0     5.0    11.0     8.0     9.0     7.0     7.0    10.0    11.0     6.0    11.0     6.0     6.0     8.0     9.0    11.0  -999.0  -999.0     8.0     8.0
2021 284     8.0    13.0  -999.0     9.0     6.0    10.0     8.0    20.0     8.0    11.0     8.0     7.0    13.0    13.0     8.0    10.0    10.0     8.0     7.0     9.0    11.0  -999.0  -999.0     8.0     9.0
2021 285    16.0    18.0  -999.0    18.0    13.0    19.0    11.0    22.0    15.0    13.0    14.0    13.0    19.0    18.0    16.0    16.0    23.0    14.0    14.0    13.0    16.0  -999.0  -999.0     9.0    14.0
2021 286    19.0    17.0  -999.0    14.0    16.0    18.0     9.0    16.0    14.0    16.0    13.0    11.0    20.0    19.0    13.0  -999.0    16.0    16.0    11.0    15.0    14.0  -999.0  -999.0    10.0    13.0
2021 287    10.0    11.0  -999.0     9.0    11.0    14.0     5.0    15.0     8.0    10.0    11.0     9.0    17.0    11.0     9.0    17.0    11.0     9.0     9.0     8.0    11.0  -999.0  -999.0     9.0    10.0
2021 288    11.0    13.0  -999.0    11.0    11.0    15.0     4.0    14.0    12.0     9.0    11.0     9.0    16.0    13.0    11.0    16.0    15.0     8.0     8.0     7.0     8.0  -999.0  -999.0    11.0    10.0
2021 289    17.0    21.0  -999.0    21.0    15.0    26.0    13.0    21.0    16.0    22.0    17.0    16.0    23.0    23.0    19.0    19.0    26.0    16.0    13.0    12.0    18.0  -999.0  -999.0    11.0    16.0
2021 290    25.0    21.0  -999.0    25.0    18.0    33.0    11.0    22.0    15.0    22.0    15.0    18.0    27.0    23.0    23.0    26.0    26.0    20.0    16.0    17.0    21.0  -999.0  -999.0    12.0    17.0
2021 291    27.0    29.0  -999.0    25.0    21.0    29.0     8.0    26.0    19.0    27.0    20.0    19.0    25.0    28.0    23.0    28.0    30.0    22.0    18.0    20.0    27.0  -999.0  -999.0    14.0    21.0
2021 292    27.0    27.0    35.0    23.0    22.0    27.0    10.0    31.0    23.0    29.0    24.0    20.0    26.0    34.0    27.0    30.0    32.0    24.0    18.0    18.0    32.0  -999.0  -999.0    15.0    21.0
2021 293    32.0    26.0    24.0    27.0    20.0    34.0    10.0    19.0    18.0    26.0    23.0    21.0    20.0    32.0    27.0    30.0    33.0    24.0    23.0    17.0    28.0  -999.0  -999.0    16.0    23.0
2021 294    30.0    24.0    20.0    24.0    22.0    31.0    14.0    13.0    19.0    29.0    22.0    21.0    15.0    31.0    30.0    28.0    33.0    28.0    21.0    15.0    30.0  -999.0  -999.0    15.0    18.0
2021 295    32.0    26.0    23.0    32.0    28.0    30.0    15.0    17.0    20.0    25.0    21.0    22.0    25.0    29.0    35.0    30.0    41.0    33.0    21.0    19.0    27.0  -999.0  -999.0    17.0    22.0
2021 296    27.0    20.0    20.0    26.0    18.0    30.0    10.0    18.0    20.0    22.0    18.0    18.0    21.0    23.0    25.0    23.0    30.0    24.0    22.0    17.0    22.0  -999.0  -999.0    18.0    20.0
2021 297    16.0    10.0    11.0    12.0    18.0    20.0    10.0     8.0    15.0    13.0    10.0    13.0    18.0    11.0     8.0     9.0    11.0    10.0     9.0     7.0     6.0  -999.0  -999.0    12.0     8.0
2021 298    17.0    21.0    18.0    23.0    21.0    23.0    11.0    21.0    18.0    19.0    19.0    18.0    28.0    23.0    19.0    22.0    25.0    18.0    15.0    15.0    18.0  -999.0  -999.0    12.0    15.0
2021 299    27.0    26.0    20.0    22.0    25.0    25.0    13.0    19.0    22.0    29.0    22.0    20.0    31.0    26.0    26.0    25.0    30.0    19.0    21.0    16.0    17.0  -999.0  -999.0  -999.0    21.0
2021 300    22.0    22.0    18.0    20.0    19.0    25.0    12.0    20.0    21.0    20.0  -999.0    19.0    25.0    22.0    19.0    20.0    23.0    20.0    16.0    15.0    17.0  -999.0  -999.0    12.0    17.0
2021 301    25.0    24.0    20.0    30.0    21.0    33.0    14.0    24.0    23.0    25.0    24.0    21.0    31.0    30.0    27.0    26.0    31.0    23.0    21.0    20.0    27.0  -999.0  -999.0    14.0    18.0
2021 302    34.0    31.0    28.0    36.0    25.0    37.0    16.0    32.0    26.0    29.0    29.0    26.0    33.0    36.0    35.0    35.0    42.0    28.0    30.0    26.0    34.0  -999.0  -999.0    18.0    32.0
2021 303    36.0    32.0    29.0    35.0    26.0    38.0    16.0    24.0    26.0    28.0    31.0    25.0    33.0    36.0    34.0    36.0    38.0    29.0    32.0    25.0    27.0  -999.0  -999.0    20.0    30.0
2021 304    32.0    33.0    21.0    28.0    30.0    39.0    13.0  -999.0    25.0    34.0    23.0    20.0    18.0    27.0    28.0    29.0    32.0    26.0    20.0    15.0    18.0  -999.0  -999.0    16.0    20.0
2021 305    22.0     9.0    10.0    11.0    15.0    13.0     3.0     4.0    13.0     9.0     7.0    12.0     3.0    13.0    16.0    11.0    17.0    12.0    10.0     6.0    10.0  -999.0  -999.0    10.0     8.0
2021 306    15.0    16.0    14.0    20.0    21.0    22.0    11.0    13.0    12.0    12.0    14.0    15.0    14.0    22.0    20.0    17.0    24.0    19.0    17.0    15.0    15.0  -999.0  -999.0    16.0    20.0
2021 307    18.0    11.0    10.0    22.0    15.0    14.0     7.0    10.0     9.0    10.0    12.0    11.0    11.0    16.0    23.0    12.0    23.0    13.0    12.0    14.0    17.0  -999.0  -999.0    13.0    14.0
2021 308    15.0    20.0    14.0    18.0    12.0  -999.0     9.0    17.0    14.0    16.0    18.0    12.0    17.0    31.0    18.0    21.0    22.0    20.0    16.0    16.0    11.0  -999.0  -999.0    16.0    23.0
2021 309    23.0    27.0    21.0    23.0    22.0    29.0     9.0    17.0    22.0    29.0    16.0    18.0  -999.0    26.0    20.0    23.0    27.0    24.0    18.0    15.0    21.0  -999.0  -999.0    15.0    18.0
2021 310    19.0    19.0    16.0    17.0    23.0    21.0     8.0     9.0    18.0    20.0    10.0    15.0  -999.0    18.0    16.0    18.0    20.0    15.0    12.0     9.0    12.0  -999.0  -999.0    13.0    12.0
2021 311    15.0    19.0    18.0    18.0    18.0    22.0    17.0    22.0    16.0    21.0    16.0    17.0  -999.0    25.0    23.0    20.0    25.0    18.0    18.0    18.0    25.0  -999.0  -999.0    14.0    20.0
2021 312    29.0    26.0    19.0    23.0    21.0    22.0    14.0    12.0    23.0    21.0    18.0    19.0  -999.0    23.0    25.0    22.0    33.0    22.0    22.0    17.0    18.0  -999.0  -999.0    13.0    16.0
2021 313    16.0    14.0    13.0    17.0    24.0    27.0     0.0  -999.0    16.0    17.0    10.0    13.0  -999.0    17.0    14.0    14.0    19.0    15.0    13.0    11.0    17.0  -999.0  -999.0    11.0    14.0
2021 314    17.0    18.0    18.0    19.0    19.0    19.0  -999.0    16.0    19.0    22.0    13.0    14.0  -999.0  -999.0    18.0    18.0    23.0    18.0    15.0    13.0    17.0  -999.0  -999.0    11.0    14.0
2021 315    22.0    21.0    22.0    26.0    27.0    32.0  -999.0    21.0    26.0    24.0    18.0    24.0    25.0    23.0    23.0    19.0    33.0    23.0    22.0    17.0    23.0  -999.0  -999.0    11.0    19.0
2021 316    26.0    27.0    23.0    24.0    24.0    31.0    12.0  -999.0    28.0    27.0    18.0    20.0    24.0    33.0    28.0    28.0    35.0    24.0    25.0    17.0    19.0  -999.0  -999.0    12.0    21.0
2021 317    31.0    31.0    24.0    30.0    27.0    37.0    10.0  -999.0    24.0    21.0    24.0    21.0    33.0    32.0    29.0    28.0    39.0    25.0    32.0    20.0    18.0  -999.0  -999.0    13.0    28.0
2021 318    29.0    23.0    15.0    21.0    17.0    18.0     7.0     9.0    19.0    16.0    17.0    17.0    13.0    23.0    21.0    18.0    25.0    19.0    20.0    11.0     7.0  -999.0  -999.0    11.0    18.0
2021 319    21.0    23.0    21.0    27.0    17.0    29.0     9.0    18.0    22.0    23.0    16.0  -999.0    25.0    31.0    24.0    25.0    35.0    18.0    21.0    18.0    20.0  -999.0  -999.0    11.0    18.0
2021 320    26.0    17.0  -999.0    22.0    19.0    23.0     6.0     9.0    19.0    14.0    12.0    18.0    22.0    19.0    18.0    16.0    24.0    16.0    15.0    11.0    10.0  -999.0  -999.0     4.0    13.0
2021 321    21.0    24.0    20.0    23.0    25.0    41.0     9.0    24.0    26.0    26.0    16.0    19.0    36.0    26.0    23.0    24.0    30.0    25.0    21.0    17.0    23.0  -999.0  -999.0     8.0    20.0
2021 322    22.0    26.0    17.0    25.0    28.0    41.0    11.0    27.0    27.0    23.0    14.0    20.0    39.0    28.0    21.0    25.0    32.0    22.0    17.0    20.0    26.0  -999.0  -999.0     7.0    18.0
2021 323    28.0    34.0    24.0    31.0    23.0    39.0     7.0    32.0    30.0    28.0    16.0    22.0    35.0    37.0    29.0    30.0    43.0    26.0    25.0    22.0    23.0  -999.0  -999.0     9.0    21.0
2021 324    38.0    35.0    27.0    41.0    24.0    52.0     6.0    30.0    23.0    33.0    25.0    28.0    41.0    41.0    33.0    36.0    51.0    30.0    35.0    20.0    26.0  -999.0  -999.0    15.0    35.0
2021 325    41.0    34.0    29.0    44.0    37.0    57.0    10.0    21.0    31.0    27.0    29.0    33.0    45.0    37.0    39.0    34.0    48.0    30.0    42.0    15.0    15.0  -999.0  -999.0    19.0    39.0
2021 326    33.0    23.0    15.0    20.0    28.0    28.0     9.0     9.0    30.0    19.0    19.0    18.0    15.0    27.0    21.0    23.0    23.0    24.0    25.0    13.0    12.0  -999.0  -999.0    14.0    13.0
2021 327    17.0    17.0    12.0    17.0    29.0    36.0     5.0     5.0    27.0    19.0    10.0    19.0    27.0    17.0    17.0    16.0    21.0    17.0    14.0     8.0     9.0  -999.0  -999.0     9.0    11.0
2021 328    15.0    17.0    12.0    14.0    23.0    28.0     6.0    15.0    23.0    16.0    12.0    16.0    15.0    21.0    14.0    14.0    17.0    16.0    14.0    11.0  -999.0  -999.0  -999.0    10.0    17.0
2021 329    15.0    13.0     6.0    11.0    15.0    13.0     3.0     3.0    14.0     9.0     9.0    12.0     9.0    17.0    12.0     9.0    13.0     8.0    11.0     5.0  -999.0  -999.0  -999.0     7.0     8.0
2021 330    18.0    15.0     8.0    16.0    15.0    20.0     6.0     7.0    13.0    10.0  -999.0    13.0    10.0    24.0    17.0    11.0    21.0    12.0    15.0     9.0     8.0  -999.0  -999.0     8.0    14.0
2021 331    16.0    16.0     5.0    17.0    21.0    24.0    10.0    15.0    15.0    11.0  -999.0    17.0    15.0    27.0    22.0    10.0    26.0    19.0    17.0    13.0    13.0  -999.0  -999.0    15.0    20.0
2021 332    15.0    12.0     6.0    13.0    13.0    17.0     9.0    11.0    15.0     7.0  -999.0    15.0    15.0    18.0    15.0     8.0    19.0    11.0    13.0    11.0     8.0  -999.0  -999.0    20.0    22.0
2021 333    13.0    18.0  -999.0    10.0    12.0    11.0     3.0    15.0    13.0    12.0  -999.0    11.0    16.0    20.0    12.0    13.0    15.0    11.0    10.0     8.0    14.0  -999.0  -999.0    20.0    14.0
2021 334    15.0    30.0  -999.0    27.0    12.0    32.0     6.0    23.0    18.0    24.0    12.0    18.0    33.0    35.0    24.0    22.0    33.0    21.0    24.0    15.0    29.0  -999.0  -999.0    17.0    19.0
2021 335    26.0    26.0    11.0    16.0    35.0    43.0    10.0    19.0    13.0    26.0    11.0    15.0    15.0    36.0    22.0    20.0    25.0    16.0    14.0    13.0    22.0  -999.0  -999.0    19.0    21.0
2021 336    16.0    15.0  -999.0    10.0    13.0    17.0     5.0    17.0    11.0    16.0    11.0    14.0    14.0    22.0    17.0    15.0    16.0     9.0    11.0     8.0    17.0  -999.0  -999.0    19.0    17.0
2021 337    17.0    12.0    15.0    16.0    18.0    24.0     4.0    10.0    21.0    12.0    10.0    15.0    21.0    22.0    13.0    14.0    24.0    16.0    14.0    11.0    11.0  -999.0  -999.0    15.0    19.0
2021 338    17.0    12.0    11.0  -999.0    21.0    28.0     9.0    13.0    16.0    15.0     9.0    17.0    12.0    22.0    19.0    11.0    28.0    13.0    13.0    14.0    13.0  -999.0  -999.0    13.0    14.0
2021 339    20.0    19.0    13.0     0.0    18.0    20.0     9.0    21.0    14.0    15.0    16.0    14.0    20.0    25.0    17.0    17.0    19.0    16.0    22.0    17.0    16.0  -999.0  -999.0    27.0    28.0
2021 340    16.0    20.0    13.0  -999.0    18.0    21.0     5.0    14.0    16.0    12.0     9.0    12.0    26.0    22.0    19.0    15.0    19.0    16.0    11.0     9.0    15.0  -999.0  -999.0    18.0     8.0
2021 341    15.0    23.0    14.0    19.0    14.0    24.0     5.0    16.0    23.0    14.0    37.0    18.0    35.0    28.0    18.0    13.0    32.0    16.0    20.0    15.0    28.0  -999.0  -999.0    15.0    13.0
2021 342    30.0    18.0    17.0    23.0    20.0    24.0     5.0    14.0    14.0    18.0    16.0    15.0    14.0    30.0    18.0    16.0    23.0    18.0    15.0    11.0    11.0  -999.0  -999.0    15.0    20.0
2021 343    16.0    19.0    15.0    16.0    16.0    16.0     8.0    18.0    15.0    16.0    10.0    15.0    28.0    25.0    16.0    15.0    21.0    15.0    14.0    12.0    21.0  -999.0  -999.0    19.0    19.0
2021 344    25.0    17.0    12.0    23.0    15.0    18.0     1.0     3.0    14.0    18.0    11.0    15.0     9.0    27.0    19.0    15.0    23.0    19.0    20.0     8.0     5.0  -999.0  -999.0    15.0    16.0
2021 345    11.0     5.0     6.0     5.0    11.0    12.0     4.0     8.0     8.0     7.0     6.0     6.0     5.0    13.0     7.0     5.0    10.0     8.0     7.0     5.0     8.0  -999.0  -999.0    13.0     8.0
2021 346     9.0    18.0    14.0    11.0    10.0    24.0     5.0    16.0    13.0    14.0     7.0     9.0    31.0    24.0    11.0    14.0    15.0    12.0    10.0     8.0    18.0  -999.0  -999.0    10.0     7.0
2021 347    27.0    35.0    27.0    30.0    30.0    43.0     3.0    16.0    32.0    26.0    14.0    27.0    34.0    54.0     0.0    32.0    51.0    27.0    26.0    12.0    29.0  -999.0  -999.0    10.0    14.0
2021 348    46.0    44.0    40.0    32.0    32.0    55.0     2.0  -999.0    35.0    50.0    12.0    31.0    48.0    51.0  -999.0    47.0    62.0    36.0    23.0    10.0    26.0  -999.0  -999.0    13.0    28.0
2021 349    39.0    33.0    24.0    37.0    37.0    61.0     5.0    22.0    37.0    32.0    12.0    38.0    42.0    48.0    36.0    35.0    58.0    28.0    23.0    14.0    20.0  -999.0  -999.0    13.0    23.0
2021 350    40.0    31.0    19.0    34.0    45.0  -999.0     7.0    16.0    38.0    28.0    12.0    30.0    52.0    36.0    32.0    28.0    55.0    25.0    18.0    10.0    17.0  -999.0  -999.0    12.0    21.0
2021 351    39.0    28.0    27.0    44.0    41.0  -999.0     6.0    21.0    38.0    25.0    15.0    33.0    47.0    41.0    33.0    26.0    58.0    27.0    23.0    15.0    27.0  -999.0  -999.0    12.0    25.0
2021 352    44.0    26.0    20.0    22.0    35.0    63.0     3.0    13.0    35.0    23.0    11.0    23.0    37.0    33.0    25.0    23.0    41.0    22.0    17.0     7.0    14.0  -999.0  -999.0    10.0    13.0
2021 353    30.0    27.0    24.0    34.0    33.0    42.0     6.0    12.0    35.0    19.0    15.0    32.0    47.0    37.0    31.0    25.0    56.0    26.0    26.0    11.0    16.0  -999.0  -999.0     9.0    17.0
2021 354    65.0    54.0    43.0    60.0    24.0    39.0     8.0    22.0    53.0    53.0    20.0    48.0    51.0    51.0    65.0    47.0    91.0    44.0    37.0    25.0    34.0  -999.0  -999.0    17.0    45.0
2021 355    57.0    43.0    36.0    53.0    65.0    90.0    16.0    23.0    52.0    50.0    36.0    38.0    49.0    55.0    51.0    45.0    73.0    44.0    47.0    21.0    30.0  -999.0  -999.0    23.0    41.0
2021 356    51.0    38.0    35.0    44.0    55.0    80.0    10.0    22.0    47.0    45.0    32.0    31.0    31.0    56.0    42.0    41.0    59.0    43.0    40.0    18.0    21.0  -999.0  -999.0    34.0    32.0
2021 357    42.0    35.0    30.0    32.0    46.0    66.0    13.0    16.0    33.0    39.0    25.0    27.0    25.0    46.0    40.0    42.0    46.0    37.0    31.0    14.0    17.0  -999.0  -999.0    24.0    31.0
2021 358    35.0    31.0    20.0    24.0    51.0    60.0    10.0    19.0    14.0    36.0    17.0    29.0    12.0    32.0  -999.0    31.0    39.0    27.0    20.0    13.0    19.0  -999.0  -999.0    19.0    18.0
2021 359    22.0    13.0    11.0    20.0    23.0    26.0    12.0    32.0    14.0    24.0    24.0    19.0    12.0    21.0     0.0    20.0    32.0    19.0    24.0    29.0    32.0  -999.0  -999.0    19.0    29.0
2021 360    19.0     7.0     7.0    15.0    21.0    28.0     4.0     5.0    14.0    10.0    11.0    15.0    16.0    14.0  -999.0    12.0    21.0    14.0    19.0    12.0    10.0  -999.0  -999.0    13.0    14.0
2021 361    20.0    16.0    14.0    21.0    22.0    24.0     7.0    11.0    18.0    16.0    14.0    19.0    17.0    24.0  -999.0    19.0    27.0    19.0    22.0    11.0    11.0  -999.0  -999.0    13.0    23.0
2021 362    22.0    19.0    15.0    28.0    15.0    25.0     6.0    12.0    21.0    19.0    14.0    23.0    30.0    31.0    26.0    20.0    34.0    20.0    22.0     9.0    11.0  -999.0  -999.0    12.0    21.0
2021 363    34.0    32.0    23.0    34.0    29.0    34.0     9.0    35.0    29.0    27.0    20.0    22.0    33.0    39.0    30.0    31.0    40.0    27.0    22.0    27.0    33.0  -999.0  -999.0    14.0    26.0
2021 364    39.0    29.0    35.0    44.0    33.0    50.0     7.0    34.0    35.0    33.0    19.0    34.0    56.0    52.0    38.0  -999.0    59.0    34.0    29.0    24.0    35.0  -999.0  -999.0    15.0    30.0
2021 365    52.0    46.0    33.0    39.0    40.0    75.0     5.0    38.0    41.0    35.0    20.0    36.0    51.0    52.0    44.0    48.0    54.0    36.0    24.0    21.0    36.0  -999.0  -999.0    30.0    30.0
