anno  jd       2       3       5       8      10      11      14      15      16      39      40      41      45      47      48      49      55      56      57      60      83      84      85      86      87
2019   1    51.0    25.0    27.0    28.0    15.0    49.0     2.0     9.0    23.0    15.0     9.0    20.0    41.0    26.0    26.0    24.0    39.0    22.0    21.0     7.0    11.0  -999.0  -999.0     8.0    15.0
2019   2    42.0    26.0    32.0    31.0    22.0    34.0     6.0    18.0    16.0    25.0    14.0    24.0    33.0    29.0    24.0    23.0    33.0    28.0    23.0    19.0    23.0  -999.0  -999.0    14.0    23.0
2019   3  -999.0    18.0    14.0    11.0    17.0    18.0     9.0    14.0     8.0    14.0     7.0    10.0    21.0    17.0    12.0    11.0    21.0    14.0    11.0    14.0    24.0  -999.0  -999.0    13.0    10.0
2019   4    15.0    19.0    15.0    13.0    13.0    18.0     5.0  -999.0    12.0    15.0     8.0    15.0    26.0    16.0    11.0    10.0    22.0    14.0     9.0    15.0    31.0  -999.0  -999.0    11.0    10.0
2019   5    30.0    39.0    29.0    40.0    13.0    25.0    10.0  -999.0    33.0    28.0    18.0    45.0    43.0    36.0    30.0    28.0    42.0    27.0    25.0    18.0    21.0  -999.0  -999.0  -999.0    24.0
2019   6    57.0    45.0    44.0    64.0    21.0    39.0    13.0    13.0    43.0    38.0    26.0    49.0    60.0    46.0    48.0    44.0    65.0    44.0    45.0    22.0    23.0  -999.0  -999.0    21.0    32.0
2019   7    68.0    52.0    61.0    69.0    52.0    84.0    15.0    33.0    52.0    50.0    37.0    53.0    61.0    56.0    60.0    55.0    78.0    58.0    60.0    40.0    34.0  -999.0  -999.0    30.0    44.0
2019   8    71.0    55.0    49.0    37.0    72.0    90.0    12.0     9.0    38.0    43.0    31.0    43.0    38.0    43.0    52.0    46.0    48.0    49.0    40.0    16.0     2.0  -999.0  -999.0    27.0    34.0
2019   9    33.0    23.0    21.0    23.0    49.0    68.0     7.0    10.0    23.0    16.0    17.0    22.0    26.0    21.0    20.0    17.0    27.0    22.0    24.0    13.0    12.0  -999.0  -999.0    19.0    17.0
2019  10    17.0    11.0    14.0    11.0    17.0    29.0     8.0    16.0     8.0     9.0     8.0  -999.0    18.0    15.0    12.0     9.0    19.0    14.0    11.0    13.0    13.0  -999.0  -999.0    14.0     9.0
2019  11    17.0    14.0    17.0    17.0    36.0    69.0     5.0    11.0    19.0     8.0     8.0  -999.0    28.0    16.0    16.0    10.0    26.0    14.0    11.0    45.0    13.0  -999.0  -999.0    12.0     9.0
2019  12    29.0    30.0    28.0    44.0    36.0    69.0     5.0    21.0    33.0    19.0    14.0  -999.0    56.0    46.0    27.0    27.0    58.0    26.0    22.0    16.0    29.0  -999.0  -999.0    14.0    22.0
2019  13    64.0    46.0    57.0    66.0    48.0    83.0    20.0    31.0    41.0    42.0    29.0    44.0    53.0    59.0    50.0    46.0    63.0    53.0    57.0    32.0    30.0  -999.0  -999.0    34.0    62.0
2019  14    53.0    33.0    34.0    41.0    38.0    58.0     9.0    17.0    27.0    32.0    21.0    32.0    37.0    40.0    31.0    33.0    40.0    38.0    29.0    25.0    13.0  -999.0  -999.0    30.0    30.0
2019  15    39.0    28.0    33.0    39.0    41.0    56.0    14.0    18.0    30.0    25.0  -999.0    29.0    38.0    38.0    31.0    29.0    52.0    32.0  -999.0    23.0    28.0  -999.0  -999.0    28.0    33.0
2019  16    53.0    41.0    46.0    49.0    53.0    79.0    11.0    15.0    36.0    40.0    18.0    27.0    33.0    48.0    44.0    44.0    62.0    44.0    34.0    15.0     8.0  -999.0  -999.0    25.0    27.0
2019  17    45.0    30.0    39.0    25.0    35.0  -999.0    11.0    15.0    17.0    33.0    13.0    21.0    12.0    38.0    32.0    35.0    38.0    34.0    20.0    16.0    13.0  -999.0  -999.0    18.0    14.0
2019  18    28.0    27.0    27.0    33.0    39.0  -999.0    12.0    23.0    24.0    26.0    13.0    25.0    35.0    43.0    36.0    32.0    57.0    27.0    29.0    21.0    19.0  -999.0  -999.0    22.0    23.0
2019  19    42.0    29.0    37.0    30.0    23.0    39.0    11.0    12.0    31.0    28.0    16.0    23.0    28.0    40.0    30.0    32.0    54.0    36.0    28.0    16.0     9.0  -999.0  -999.0    23.0    18.0
2019  20    41.0    31.0    34.0    29.0    30.0    39.0     6.0     7.0    24.0    30.0    20.0    24.0    16.0    28.0    30.0    30.0    31.0    33.0    30.0    12.0     8.0  -999.0  -999.0    19.0    17.0
2019  21    23.0    16.0    17.0    18.0    19.0    21.0     2.0     8.0    22.0    13.0    11.0    18.0    16.0    14.0    15.0    14.0    17.0    15.0    15.0     7.0    10.0  -999.0  -999.0    14.0    13.0
2019  22    16.0    14.0    16.0    17.0     9.0    18.0     6.0    10.0    16.0     6.0    10.0    18.0    23.0  -999.0    12.0     8.0    21.0    15.0    18.0     9.0    16.0  -999.0  -999.0    14.0    14.0
2019  23    26.0    21.0    19.0    14.0    20.0    24.0     3.0     4.0    14.0    12.0    10.0    18.0  -999.0  -999.0    20.0    13.0    22.0    18.0    13.0     8.0     4.0  -999.0  -999.0     9.0     9.0
2019  24    21.0    21.0    18.0    21.0    20.0    27.0     4.0     6.0    15.0    10.0     9.0    21.0    27.0    31.0    15.0    12.0    28.0    22.0    14.0    10.0    10.0  -999.0  -999.0     9.0     9.0
2019  25    18.0    19.0    17.0    15.0    23.0    29.0    12.0    17.0    14.0    15.0    11.0    15.0    28.0    28.0    17.0    13.0    21.0    17.0    14.0    18.0    20.0  -999.0  -999.0    11.0    13.0
2019  26    23.0    27.0    25.0    23.0    23.0    33.0    10.0    20.0    25.0    21.0    16.0    23.0    41.0    34.0    21.0    21.0    30.0    22.0    20.0    17.0    16.0  -999.0  -999.0    14.0    18.0
2019  27    46.0    35.0    46.0    33.0    59.0    75.0    10.0    16.0    22.0    40.0    23.0    39.0    25.0    49.0    48.0    39.0    41.0    36.0    33.0    17.0    14.0  -999.0  -999.0    18.0    24.0
2019  28    23.0    20.0    25.0    22.0    25.0    34.0    12.0    21.0    19.0    20.0    13.0    16.0    31.0    29.0    20.0    23.0    25.0    20.0    25.0    22.0    23.0  -999.0  -999.0    54.0    29.0
2019  29    22.0    24.0    28.0    22.0    25.0    42.0     5.0     8.0    24.0    17.0    11.0    25.0    42.0    22.0    18.0    18.0    30.0    21.0    15.0    16.0    10.0  -999.0  -999.0    27.0    16.0
2019  30    32.0    26.0    30.0    28.0    40.0  -999.0     8.0     9.0    22.0    23.0    11.0    27.0    18.0    24.0    25.0    20.0    33.0    23.0    21.0     9.0     6.0  -999.0  -999.0    14.0    20.0
2019  31    20.0    19.0    25.0    13.0    19.0  -999.0     7.0    13.0    10.0    20.0     8.0    14.0    16.0    28.0    20.0    15.0    17.0    17.0    11.0    14.0    16.0  -999.0  -999.0    13.0    12.0
2019  32    28.0    17.0    28.0    25.0    14.0  -999.0     4.0    22.0    12.0    31.0    17.0    13.0    20.0    33.0    22.0    22.0    22.0    23.0    21.0    31.0    23.0  -999.0  -999.0    20.0    24.0
2019  33    26.0    14.0    20.0    18.0    19.0  -999.0     9.0    24.0    12.0    26.0    13.0    14.0    15.0    25.0    19.0    18.0    18.0    17.0    19.0    27.0    18.0  -999.0  -999.0    19.0    21.0
2019  34    12.0    11.0    17.0    13.0    18.0  -999.0    10.0    15.0    12.0    21.0     8.0    11.0    13.0    24.0    11.0    13.0    14.0    13.0    12.0    13.0    10.0  -999.0  -999.0    17.0    14.0
2019  35    18.0    15.0    24.0    13.0    17.0  -999.0     5.0    17.0    14.0    19.0     8.0    13.0    21.0    21.0    14.0    18.0    18.0    17.0    12.0    11.0    13.0  -999.0  -999.0     9.0    11.0
2019  36    18.0    20.0    23.0    17.0    24.0  -999.0     8.0    27.0    17.0    20.0    10.0    16.0    30.0    23.0    16.0    18.0    22.0    16.0    13.0    12.0    21.0  -999.0  -999.0     5.0    13.0
2019  37    24.0    23.0    30.0    26.0    40.0    58.0     9.0    21.0    23.0    22.0    13.0    27.0    44.0    30.0    23.0    22.0    30.0    23.0    17.0    14.0    22.0  -999.0  -999.0     3.0    17.0
2019  38    28.0    32.0    30.0    33.0    40.0    63.0    22.0    41.0    36.0    25.0    15.0    32.0    45.0    40.0    31.0    25.0    36.0    31.0    20.0    29.0    36.0  -999.0  -999.0  -999.0    22.0
2019  39    49.0    43.0    49.0    41.0    40.0    61.0    12.0    72.0    36.0    41.0    28.0    35.0    36.0    63.0    56.0    44.0    55.0    44.0    39.0    28.0    32.0  -999.0  -999.0  -999.0    38.0
2019  40    50.0    44.0    52.0    44.0    36.0    54.0    17.0    35.0    36.0    43.0    28.0    37.0    36.0    52.0    43.0    45.0    52.0    44.0    40.0    35.0    28.0  -999.0  -999.0    26.0    36.0
2019  41    32.0    27.0    24.0    18.0    38.0    49.0    12.0    15.0    16.0    30.0    13.0    20.0    14.0    31.0    28.0    33.0    33.0    27.0    18.0    17.0    13.0  -999.0  -999.0    20.0    14.0
2019  42    23.0    19.0    23.0    21.0    20.0    27.0    14.0    58.0    22.0    22.0    17.0    20.0    30.0    28.0    20.0    19.0    28.0    21.0    21.0    33.0    28.0  -999.0  -999.0    10.0    25.0
2019  43    21.0    21.0    22.0    23.0    16.0    28.0     5.0    39.0    19.0    21.0    12.0    19.0    33.0    28.0    19.0    20.0    31.0    20.0    14.0    19.0    25.0  -999.0  -999.0     5.0    18.0
2019  44    33.0    20.0    26.0    24.0    22.0    28.0     5.0    28.0    13.0    25.0    10.0    25.0    33.0    27.0    18.0    22.0    33.0    20.0    13.0    12.0    22.0  -999.0  -999.0  -999.0    15.0
2019  45    21.0    24.0    26.0    23.0    34.0    50.0     6.0    36.0    24.0    26.0  -999.0    25.0    36.0    33.0    28.0    23.0    36.0    20.0    18.0    23.0    36.0  -999.0  -999.0  -999.0    16.0
2019  46    35.0    29.0    39.0    31.0    41.0    54.0     6.0    34.0    20.0    26.0    14.0    29.0    50.0    44.0    22.0    30.0    37.0    27.0    19.0    17.0    18.0  -999.0  -999.0    19.0    26.0
2019  47    30.0    29.0    27.0    37.0    38.0    56.0    16.0    19.0    28.0    29.0    16.0    37.0    48.0    36.0    28.0    22.0    40.0    24.0    23.0    25.0    25.0  -999.0  -999.0    21.0    31.0
2019  48    53.0    45.0    44.0    45.0    45.0    62.0    23.0    28.0    34.0    53.0    34.0    37.0    36.0    43.0    38.0    43.0    47.0    41.0    46.0    24.0    25.0  -999.0  -999.0    22.0    40.0
2019  49    56.0    48.0    54.0    53.0    40.0    71.0    18.0    21.0    40.0    48.0    37.0    50.0    52.0    62.0    63.0    51.0    55.0    50.0    46.0    23.0    21.0  -999.0  -999.0    23.0    42.0
2019  50    77.0    54.0    78.0    79.0    57.0    82.0    18.0    19.0    57.0    59.0    36.0    57.0    74.0    72.0  -999.0    58.0    74.0    66.0    56.0    23.0    28.0  -999.0  -999.0    26.0    33.0
2019  51    66.0    44.0    57.0    46.0    53.0    65.0    15.0    19.0    45.0    36.0    32.0    44.0    49.0    49.0  -999.0    46.0    57.0    47.0    40.0    20.0    20.0  -999.0  -999.0    26.0    37.0
2019  52  -999.0    52.0    25.0    49.0    48.0    57.0    16.0    26.0    40.0    39.0    24.0    43.0    45.0    47.0  -999.0    42.0    57.0  -999.0    32.0    28.0    31.0  -999.0  -999.0    25.0    28.0
2019  53  -999.0    44.0    51.0    50.0    50.0    68.0    19.0    25.0    36.0    38.0    30.0    40.0    57.0    52.0    46.0    42.0    49.0    41.0    39.0    23.0    30.0  -999.0  -999.0    28.0    35.0
2019  54    27.0    18.0    31.0    21.0    28.0    29.0    10.0    38.0    13.0    15.0    22.0    21.0    29.0    26.0    23.0    20.0    25.0    21.0    20.0    20.0    31.0  -999.0  -999.0    14.0    23.0
2019  55    16.0    14.0    18.0    12.0    23.0    25.0     7.0    22.0    12.0    13.0     8.0     9.0    30.0    15.0    13.0    12.0    15.0    15.0    13.0    12.0    18.0  -999.0  -999.0     7.0    12.0
2019  56    21.0    20.0    43.0    17.0    19.0    23.0     8.0    30.0    16.0    14.0    13.0    20.0    32.0    24.0    21.0    15.0    26.0    18.0    13.0    14.0    20.0  -999.0  -999.0     4.0    18.0
2019  57    38.0    44.0    43.0    42.0    35.0    48.0     8.0    33.0    43.0    40.0    24.0    48.0    45.0    46.0    50.0    37.0    52.0    41.0    32.0    33.0    39.0  -999.0  -999.0    14.0    28.0
2019  58    44.0    31.0    34.0    34.0    36.0    50.0     4.0    14.0    27.0    32.0    20.0    36.0    33.0    49.0    38.0    37.0    46.0    38.0    27.0    14.0    10.0  -999.0  -999.0     7.0    33.0
2019  59    44.0    29.0    43.0    43.0    37.0    43.0    14.0    17.0    33.0    25.0    18.0    39.0    28.0    42.0    42.0  -999.0    48.0    39.0    31.0    21.0    14.0  -999.0  -999.0  -999.0    30.0
2019  60    43.0    31.0    35.0    37.0    41.0    61.0    19.0    24.0    32.0    31.0    23.0    38.0    34.0    41.0    46.0    33.0    43.0    35.0    30.0    24.0    21.0  -999.0  -999.0  -999.0    27.0
2019  61    41.0    31.0    39.0    42.0    32.0    45.0    24.0    28.0    34.0    32.0    26.0    46.0    46.0    41.0    41.0    39.0    39.0    35.0    34.0    29.0    33.0  -999.0  -999.0    19.0    31.0
2019  62    40.0    30.0    39.0    42.0    35.0    50.0    20.0    22.0    29.0    32.0    18.0    34.0    34.0    42.0    41.0    38.0    38.0    35.0    37.0    30.0    24.0  -999.0  -999.0    21.0    29.0
2019  63    34.0    26.0    35.0    25.0    35.0    31.0    14.0    27.0    25.0    26.0    18.0    24.0    21.0    35.0    32.0    28.0    32.0    30.0    26.0    23.0    22.0  -999.0  -999.0  -999.0    25.0
2019  64    35.0    32.0    36.0    42.0    25.0    43.0    24.0    43.0    37.0    37.0    25.0    34.0    41.0    46.0    48.0    35.0    49.0    40.0    35.0    48.0    40.0  -999.0  -999.0    47.0    39.0
2019  65    47.0    29.0    42.0    44.0    31.0    43.0    16.0    26.0    28.0    25.0    22.0    25.0    32.0    40.0    38.0    33.0    42.0    35.0    31.0    27.0    24.0  -999.0  -999.0    37.0    27.0
2019  66    43.0    29.0    41.0    39.0    33.0    39.0    21.0    29.0    28.0    30.0    22.0    30.0    28.0    45.0    39.0    33.0    39.0    40.0    29.0    25.0    27.0  -999.0  -999.0    31.0    21.0
2019  67    46.0    37.0    46.0    43.0    33.0    46.0    21.0    37.0    38.0    39.0    25.0    35.0    46.0    50.0    52.0    41.0    47.0    43.0    36.0    37.0    34.0  -999.0  -999.0    29.0    30.0
2019  68    33.0    29.0    20.0    27.0    41.0    39.0    11.0    21.0    28.0    22.0    18.0    26.0    26.0    35.0    31.0    63.0    31.0    27.0    25.0    22.0    20.0  -999.0  -999.0    25.0    23.0
2019  69    25.0    22.0    25.0    16.0    24.0    45.0     5.0    21.0    14.0    20.0    11.0    25.0    15.0    23.0    20.0    21.0    18.0    18.0    18.0    22.0    18.0  -999.0  -999.0    21.0    15.0
2019  70    23.0    19.0    24.0    25.0    35.0    22.0     8.0    23.0    20.0    15.0    17.0    21.0    25.0  -999.0    21.0    22.0    25.0    20.0    20.0    26.0    27.0  -999.0  -999.0    24.0    25.0
2019  71    10.0    13.0     8.0     9.0    18.0  -999.0     3.0    14.0     9.0     6.0     8.0    10.0    17.0    15.0     7.0     7.0    12.0     7.0     8.0     9.0    13.0  -999.0  -999.0    12.0    15.0
2019  72    27.0    22.0    20.0    22.0    10.0  -999.0    10.0    16.0    14.0    17.0    15.0    19.0    23.0    26.0    22.0    18.0    24.0    22.0    18.0    21.0    21.0  -999.0  -999.0    20.0    25.0
2019  73    21.0    17.0    18.0    17.0    20.0    18.0    12.0    29.0    13.0    11.0    12.0    15.0    22.0    21.0    16.0    15.0    21.0    17.0    15.0    18.0    18.0  -999.0  -999.0    23.0    19.0
2019  74    33.0    28.0    35.0    29.0    12.0    30.0    11.0    20.0    24.0    27.0    20.0    29.0    30.0    37.0    34.0    32.0    34.0    33.0    28.0    29.0    25.0  -999.0  -999.0  -999.0    30.0
2019  75    42.0    31.0    36.0    33.0    22.0    55.0    19.0    25.0    27.0    33.0    22.0    33.0    37.0    40.0    40.0    34.0    42.0    37.0    28.0    33.0    23.0  -999.0  -999.0  -999.0    32.0
2019  76    41.0    26.0    35.0    38.0    33.0    33.0    14.0    17.0    22.0    29.0     8.0    26.0    19.0    35.0    31.0    33.0    31.0    29.0    29.0    19.0    17.0  -999.0  -999.0  -999.0    20.0
2019  77    26.0    20.0    28.0    28.0    23.0    32.0    15.0    21.0    20.0    24.0  -999.0    27.0    27.0    32.0    26.0    21.0    28.0    28.0  -999.0    23.0    24.0  -999.0  -999.0  -999.0    23.0
2019  78    29.0    20.0    30.0    23.0    21.0    39.0    10.0    17.0    18.0    24.0    17.0    20.0    28.0    26.0    22.0    23.0    34.0    24.0    19.0    19.0    24.0  -999.0  -999.0    16.0    19.0
2019  79    17.0    17.0    20.0    16.0    25.0  -999.0     5.0    13.0    17.0    15.0    12.0    22.0    33.0    16.0    12.0    12.0    19.0    16.0    10.0    13.0    21.0  -999.0  -999.0     8.0    12.0
2019  80    21.0    23.0    25.0    21.0    27.0  -999.0     9.0    19.0    21.0    24.0    17.0    21.0    33.0    27.0    21.0    21.0    26.0    24.0    19.0    16.0    26.0  -999.0  -999.0     4.0    20.0
2019  81    28.0    29.0    32.0    29.0    28.0    44.0    12.0    22.0    26.0    28.0    20.0    26.0    37.0    30.0    25.0    25.0    32.0    24.0    20.0    20.0    31.0  -999.0  -999.0    10.0    17.0
2019  82    35.0    31.0    34.0    38.0    38.0    46.0    13.0    21.0    28.0    34.0    23.0    28.0  -999.0    38.0    30.0    31.0    34.0    33.0    30.0    29.0    24.0  -999.0  -999.0    15.0    28.0
2019  83    45.0    29.0    35.0    36.0    39.0    41.0    12.0    26.0    29.0    37.0    26.0    30.0  -999.0    36.0    34.0    29.0    38.0    33.0    31.0    27.0    26.0  -999.0  -999.0    19.0    33.0
2019  84  -999.0    27.0    32.0    31.0    28.0    40.0    13.0    18.0    25.0    26.0    19.0    27.0  -999.0    34.0    33.0    29.0    36.0    27.0    29.0    20.0    22.0  -999.0  -999.0    31.0    25.0
2019  85    33.0    22.0    30.0    25.0    27.0  -999.0     8.0    10.0    18.0    24.0    14.0    21.0    37.0    22.0    23.0    20.0    30.0    23.0    17.0    14.0    13.0  -999.0  -999.0    16.0    17.0
2019  86    15.0    12.0    16.0    15.0    27.0    21.0     6.0     9.0    12.0     9.0     8.0    14.0    24.0    16.0    11.0    12.0    17.0    16.0    13.0    11.0    14.0  -999.0  -999.0     8.0    10.0
2019  87    17.0    17.0    19.0    15.0    16.0    25.0     8.0    12.0    14.0    14.0    12.0    16.0    27.0    18.0    15.0    13.0    19.0    19.0    13.0    11.0    17.0  -999.0  -999.0     4.0    15.0
2019  88    20.0    29.0    26.0    23.0    23.0    30.0    10.0    17.0    19.0    24.0    15.0    22.0    33.0    25.0    19.0    22.0    25.0    20.0    16.0    14.0    23.0  -999.0  -999.0  -999.0    15.0
2019  89    28.0    24.0    25.0    22.0    23.0    37.0     8.0    17.0    24.0    25.0    14.0    23.0    34.0    26.0    22.0    23.0    29.0    23.0    18.0    17.0  -999.0  -999.0  -999.0     8.0    17.0
2019  90    32.0    25.0    29.0    31.0    21.0    37.0    10.0    14.0    23.0    28.0    22.0    24.0    29.0    30.0    27.0    27.0    30.0    27.0    28.0    14.0    16.0  -999.0  -999.0     4.0    26.0
2019  91    38.0    31.0    35.0    34.0    23.0    41.0    14.0    20.0    28.0    29.0    24.0    31.0    30.0    38.0    36.0    29.0    37.0    34.0    31.0    18.0    30.0  -999.0  -999.0  -999.0    21.0
2019  92    43.0    30.0    33.0    32.0    29.0    41.0    11.0    13.0    25.0    24.0    23.0    33.0    29.0    35.0    35.0  -999.0    37.0    33.0    30.0    13.0    18.0  -999.0  -999.0  -999.0    25.0
2019  93    29.0    16.0    24.0    22.0    32.0    25.0     8.0    10.0    15.0    19.0    13.0    22.0     9.0    27.0    25.0    16.0    24.0    23.0    14.0    11.0    11.0  -999.0  -999.0  -999.0    12.0
2019  94    23.0     9.0    15.0    12.0    22.0    14.0     6.0    12.0    10.0    11.0    10.0    15.0     7.0    20.0    12.0     9.0    13.0    15.0    12.0    13.0    11.0  -999.0  -999.0  -999.0    13.0
2019  95    15.0    12.0    15.0    19.0    14.0    15.0     9.0     9.0    12.0    11.0     9.0    13.0    14.0    18.0    13.0    12.0    21.0    18.0    13.0    12.0    12.0  -999.0  -999.0  -999.0    13.0
2019  96    25.0    21.0    22.0    27.0    12.0    28.0     9.0    10.0    18.0    18.0    12.0    18.0    20.0    24.0    19.0    17.0    25.0    21.0    18.0    11.0    14.0  -999.0  -999.0     4.0    14.0
2019  97    18.0    15.0    14.0    11.0    21.0    14.0     8.0     7.0    10.0    14.0     6.0    12.0    15.0    15.0    13.0    15.0    15.0    11.0     8.0     9.0     9.0  -999.0  -999.0     4.0     7.0
2019  98    15.0    13.0    16.0    15.0    15.0    11.0     6.0     5.0    12.0    13.0     8.0    11.0    15.0    21.0    11.0    13.0    16.0    11.0     9.0     8.0    14.0  -999.0  -999.0     4.0     9.0
2019  99    18.0    16.0    15.0    19.0    10.0    17.0    10.0    10.0    16.0    13.0    10.0    16.0    17.0    23.0    14.0    15.0    21.0    14.0    13.0    12.0    19.0  -999.0  -999.0     6.0    11.0
2019 100    23.0    17.0    24.0    19.0    13.0    26.0     6.0     8.0    15.0    16.0    10.0    17.0    18.0    29.0    19.0    22.0    27.0    18.0    16.0     7.0     9.0  -999.0  -999.0     6.0    11.0
2019 101    22.0    16.0    20.0    16.0    18.0    17.0     9.0    11.0    13.0    14.0    10.0    14.0    12.0    21.0    16.0    17.0    19.0    17.0    13.0    12.0    15.0  -999.0  -999.0     7.0    13.0
2019 102    16.0    15.0    20.0    17.0    12.0  -999.0     6.0    12.0    11.0    11.0    10.0    12.0    16.0    22.0    12.0    14.0    16.0    16.0    12.0    12.0    17.0  -999.0  -999.0     7.0    15.0
2019 103    15.0    13.0    18.0    14.0    13.0    14.0     8.0     9.0    11.0    12.0    11.0    13.0    13.0    20.0    13.0    13.0    16.0    12.0    12.0     9.0    12.0  -999.0  -999.0  -999.0    11.0
2019 104    17.0    15.0    20.0    13.0    10.0    15.0    12.0    17.0    11.0    15.0    12.0    13.0    15.0    23.0    12.0    15.0    15.0    15.0    13.0    12.0    19.0  -999.0  -999.0  -999.0    17.0
2019 105    15.0    16.0    20.0    15.0    13.0    15.0    10.0    13.0    12.0    13.0    14.0    13.0    17.0    22.0    15.0    14.0    21.0    18.0    13.0    10.0    16.0  -999.0  -999.0  -999.0    11.0
2019 106    30.0    25.0    30.0    25.0    14.0    20.0    13.0    18.0    17.0    24.0    18.0    17.0    25.0  -999.0    20.0    24.0    32.0    24.0    21.0    18.0    23.0  -999.0  -999.0    14.0    19.0
2019 107    31.0    24.0    30.0    27.0    17.0    25.0    12.0    19.0    19.0    24.0    21.0    22.0  -999.0    21.0    25.0    26.0    28.0    24.0    20.0    19.0    32.0  -999.0  -999.0    14.0    20.0
2019 108    31.0    26.0    31.0    28.0    20.0    27.0    15.0    23.0    20.0    30.0    23.0    25.0    31.0    28.0    23.0    29.0    31.0    26.0    22.0    20.0    29.0  -999.0  -999.0    16.0    21.0
2019 109    27.0    23.0    27.0    28.0    20.0    20.0    13.0     8.0    20.0    23.0    21.0    20.0    28.0    29.0    22.0    24.0    29.0    24.0    19.0    17.0    25.0  -999.0  -999.0    16.0    23.0
2019 110    26.0    23.0    24.0    23.0    18.0    26.0    13.0  -999.0    20.0    24.0    19.0    20.0    25.0    24.0    22.0    21.0    24.0    20.0    19.0    17.0    24.0  -999.0  -999.0    15.0    20.0
2019 111    25.0    23.0    22.0    23.0    17.0    27.0    10.0  -999.0    20.0    23.0    28.0    22.0    23.0    24.0    24.0    20.0    24.0    23.0    22.0    14.0    18.0  -999.0  -999.0    19.0    24.0
2019 112    34.0    24.0    26.0    29.0    21.0    32.0    21.0  -999.0    27.0    24.0    30.0    32.0    26.0    28.0    30.0    26.0    31.0    32.0    29.0    20.0    28.0  -999.0  -999.0    23.0    33.0
2019 113    66.0    43.0    53.0    68.0    31.0  -999.0    32.0    45.0    43.0    43.0    47.0    41.0    54.0    60.0    56.0    52.0    57.0    63.0    57.0    39.0    52.0  -999.0  -999.0    39.0    51.0
2019 114    92.0    66.0    87.0    94.0    40.0    83.0    64.0    93.0    64.0    72.0    88.0    70.0    94.0    93.0    95.0    92.0    93.0    95.0   103.0    74.0    96.0  -999.0  -999.0    69.0    99.0
2019 115    77.0    47.0    60.0    59.0    73.0    47.0    37.0    49.0    47.0    54.0    50.0    50.0    53.0    61.0    57.0    60.0    66.0    57.0    60.0    31.0    49.0  -999.0  -999.0  -999.0    61.0
2019 116    83.0    40.0    60.0    54.0    39.0    51.0    28.0    44.0    42.0    53.0    34.0    46.0    63.0    57.0    56.0    54.0    58.0    51.0    45.0    29.0    38.0  -999.0  -999.0  -999.0    44.0
2019 117    28.0    15.0    20.0    21.0    47.0    18.0     7.0    28.0    13.0    15.0  -999.0    14.0    22.0    20.0    23.0    18.0    21.0    20.0    19.0    17.0    22.0  -999.0  -999.0    20.0    22.0
2019 118    29.0    19.0    26.0    31.0    13.0    22.0    13.0    29.0    19.0    20.0    18.0    22.0    24.0    28.0    33.0    23.0    25.0    28.0    23.0    17.0    17.0  -999.0  -999.0    23.0    24.0
2019 119    25.0    10.0    19.0    16.0    17.0    17.0     6.0    10.0    11.0    10.0     9.0    13.0    18.0    16.0    12.0    10.0    12.0    13.0    12.0    11.0    15.0  -999.0  -999.0    16.0    13.0
2019 120    12.0    16.0    12.0    13.0    13.0    12.0     4.0     6.0     8.0     8.0     8.0     9.0    14.0  -999.0     8.0     7.0  -999.0     9.0     8.0     8.0    11.0  -999.0  -999.0    11.0     9.0
2019 121    18.0    12.0    16.0    16.0    11.0    17.0     5.0     8.0    10.0    14.0     9.0    13.0    14.0    17.0    17.0    12.0    16.0    13.0    11.0    10.0    13.0  -999.0  -999.0    10.0    11.0
2019 122    19.0    15.0    21.0    16.0    12.0    16.0     6.0    12.0    11.0    13.0    12.0    12.0    14.0    20.0    14.0    15.0    18.0    16.0    14.0    14.0    15.0  -999.0  -999.0     8.0    13.0
2019 123    23.0    20.0    21.0    19.0    14.0    16.0     7.0    10.0    11.0    14.0     9.0    12.0    10.0    23.0    16.0    14.0    18.0    15.0    11.0     9.0     9.0  -999.0  -999.0     7.0     9.0
2019 124    19.0    17.0    13.0    18.0    13.0    14.0     4.0     4.0     9.0     9.0     8.0    10.0    11.0    14.0    14.0     9.0    15.0    11.0    10.0     7.0     4.0  -999.0  -999.0     6.0     8.0
2019 125    22.0    16.0    17.0    19.0    10.0    17.0    10.0    15.0    14.0    14.0    12.0    15.0    17.0    17.0    20.0    14.0    21.0    19.0    17.0    13.0    20.0  -999.0  -999.0    18.0    21.0
2019 126     9.0    10.0    12.0    10.0    19.0     9.0     3.0     6.0     8.0     7.0     5.0     6.0    13.0    13.0     7.0     5.0    12.0  -999.0     6.0     7.0    11.0  -999.0  -999.0    13.0     8.0
2019 127    11.0    15.0    20.0    11.0     8.0    15.0     5.0     9.0    10.0    14.0     8.0    11.0    18.0    19.0    11.0    14.0    17.0    13.0    10.0     9.0    15.0  -999.0  -999.0    10.0     8.0
2019 128    17.0    16.0    24.0    17.0    14.0    16.0     6.0    12.0    10.0    17.0    10.0    12.0    16.0    27.0    14.0    18.0    17.0    13.0    12.0     8.0    17.0  -999.0  -999.0     9.0    10.0
2019 129    26.0    20.0    26.0    26.0    15.0    20.0     8.0    21.0    17.0    21.0    13.0    18.0    24.0    29.0    33.0    19.0    27.0    26.0    18.0    19.0    19.0  -999.0  -999.0    13.0    21.0
2019 130    37.0    18.0    23.0    22.0    19.0    21.0    10.0    13.0    17.0    16.0    13.0    17.0    23.0    24.0    20.0    18.0    24.0    25.0    16.0    17.0    19.0  -999.0  -999.0    13.0    16.0
2019 131    24.0    16.0    20.0    20.0    20.0    23.0     8.0    11.0    14.0    16.0    13.0    16.0    14.0    22.0    19.0    15.0    21.0    21.0    17.0    13.0    14.0  -999.0  -999.0    13.0    15.0
2019 132    17.0     8.0    14.0    11.0    21.0    15.0     3.0    10.0     9.0     6.0     8.0    10.0    13.0    15.0     7.0     9.0    12.0    11.0     9.0    12.0    11.0  -999.0  -999.0    11.0    10.0
2019 133    10.0    10.0    13.0    10.0    13.0    15.0     1.0     4.0     8.0    12.0     8.0     8.0    20.0    10.0    10.0     8.0    12.0  -999.0     7.0     6.0     7.0  -999.0  -999.0     6.0     8.0
2019 134     8.0     7.0     9.0     8.0    16.0    10.0     2.0     6.0     7.0     8.0     7.0  -999.0    10.0     9.0     7.0     6.0     8.0  -999.0     7.0     9.0    10.0  -999.0  -999.0     5.0     7.0
2019 135    12.0    11.0    13.0     8.0    10.0     8.0     3.0     7.0     9.0    19.0     6.0  -999.0    11.0    10.0    10.0     9.0    10.0     7.0    10.0     6.0    12.0  -999.0  -999.0     4.0     6.0
2019 136    10.0    12.0    14.0    11.0     9.0    11.0     5.0     7.0     9.0    10.0     6.0  -999.0    12.0    14.0     8.0     9.0    11.0     6.0     9.0     7.0    11.0  -999.0  -999.0     4.0     7.0
2019 137    17.0    13.0    15.0    12.0    11.0    14.0     3.0     7.0    11.0    14.0    10.0  -999.0    10.0    23.0    15.0    11.0    15.0     9.0    11.0    10.0     9.0  -999.0  -999.0     6.0    12.0
2019 138    25.0    20.0    20.0    24.0    13.0    17.0    12.0    16.0    12.0    18.0    14.0  -999.0    20.0    26.0    29.0    14.0    20.0    12.0    20.0    17.0    18.0  -999.0  -999.0    13.0    18.0
2019 139    19.0     9.0    12.0     9.0    17.0    13.0     5.0     9.0    10.0    11.0     7.0    11.0    10.0    14.0    12.0     9.0    10.0     6.0    10.0    12.0    12.0  -999.0  -999.0    12.0    11.0
2019 140    13.0    12.0    15.0    10.0    13.0    14.0     6.0     9.0     7.0    12.0     7.0     8.0     9.0    23.0    11.0    10.0     9.0     8.0     9.0    12.0    12.0  -999.0  -999.0    11.0    10.0
2019 141  -999.0    16.0    19.0    16.0    14.0    15.0    12.0    20.0    10.0    19.0    10.0    12.0    18.0    26.0    21.0    18.0    17.0    11.0    15.0    19.0    24.0  -999.0  -999.0    16.0    22.0
2019 142  -999.0    18.0    22.0    22.0    14.0    16.0     7.0    17.0    13.0    16.0    11.0    14.0    20.0    26.0    20.0    19.0    24.0    11.0    17.0    11.0    20.0  -999.0  -999.0    14.0    15.0
2019 143    25.0    19.0    24.0    22.0    16.0    17.0     6.0    12.0    12.0    19.0    15.0    14.0    20.0    27.0    19.0    21.0    18.0    12.0    19.0    16.0    18.0  -999.0  -999.0    13.0    15.0
2019 144    21.0    18.0    21.0    21.0    17.0    19.0     8.0    15.0    12.0    17.0    13.0    14.0    21.0    28.0    19.0    16.0    18.0    13.0  -999.0    15.0    18.0  -999.0  -999.0    12.0    14.0
2019 145    26.0    18.0    21.0    23.0    17.0    21.0     6.0    11.0    17.0    18.0    15.0    16.0    22.0    27.0    22.0    19.0    22.0    13.0    20.0    12.0    16.0  -999.0  -999.0    12.0    16.0
2019 146    20.0    12.0    12.0    12.0    21.0    15.0     0.0     7.0    12.0    10.0    12.0    12.0    11.0    13.0    12.0    12.0    10.0     6.0    13.0     8.0     8.0  -999.0  -999.0     9.0    11.0
2019 147    17.0    10.0    10.0    11.0    14.0    12.0     0.0     8.0    10.0    14.0     8.0    12.0     9.0    14.0    13.0    11.0    12.0     9.0    12.0     8.0    12.0  -999.0  -999.0     8.0    10.0
2019 148    16.0    18.0    13.0    17.0    13.0    13.0     5.0    15.0    13.0    19.0    13.0    15.0    14.0    21.0    17.0  -999.0    18.0    10.0    16.0    15.0    23.0  -999.0  -999.0    12.0    17.0
2019 149    27.0    16.0    23.0    20.0    13.0    20.0     5.0    29.0    13.0    26.0    16.0    17.0    24.0    31.0    32.0    20.0    22.0    15.0    11.0    29.0    24.0  -999.0  -999.0    20.0    27.0
2019 150    21.0    15.0    24.0    20.0    21.0    18.0     3.0    14.0    13.0    21.0    10.0    14.0    23.0    29.0    16.0    17.0    19.0    13.0    18.0    20.0    21.0  -999.0  -999.0    18.0    19.0
2019 151    20.0    17.0    19.0    17.0    17.0    16.0     0.0    10.0    13.0    24.0     8.0    14.0    21.0    31.0    14.0    16.0    16.0     8.0    13.0     9.0    14.0  -999.0  -999.0    13.0    14.0
2019 152    19.0    22.0    21.0    16.0    13.0    14.0     3.0    15.0    13.0    21.0    12.0    12.0    18.0    21.0    12.0    16.0    15.0    10.0    15.0    14.0    17.0  -999.0  -999.0    12.0    16.0
2019 153    24.0    18.0    21.0    21.0     9.0    19.0     4.0    11.0    14.0    23.0    13.0    17.0    19.0    27.0    23.0    18.0    19.0    13.0    15.0    17.0    16.0  -999.0  -999.0    12.0    15.0
2019 154    27.0    19.0    21.0    25.0    16.0    22.0     0.0    13.0    16.0    12.0    16.0    18.0    24.0    24.0    20.0    20.0    24.0    12.0    18.0    21.0    21.0  -999.0  -999.0  -999.0    16.0
2019 155    25.0    18.0    20.0    25.0    22.0    23.0     1.0    12.0    17.0    18.0    13.0    17.0    19.0    23.0    21.0    18.0    19.0     8.0    25.0    17.0    21.0  -999.0  -999.0  -999.0    15.0
2019 156    27.0    24.0    19.0    24.0    19.0    30.0     6.0    10.0    18.0    20.0    14.0    19.0    20.0    26.0    26.0    19.0    26.0    13.0    21.0    19.0    20.0  -999.0  -999.0    11.0    15.0
2019 157    26.0    14.0    28.0    25.0    21.0    23.0     8.0    15.0    18.0    20.0    18.0    20.0    23.0    30.0    25.0    20.0    25.0    15.0  -999.0    19.0    23.0  -999.0  -999.0    13.0    15.0
2019 158    27.0    24.0    31.0    31.0    17.0    27.0     0.0    14.0    20.0    23.0    22.0    24.0    26.0    38.0    22.0    24.0    25.0    16.0    24.0    17.0    22.0  -999.0  -999.0    15.0    20.0
2019 159    39.0    32.0    41.0    50.0    22.0    40.0    21.0    34.0    31.0    39.0    31.0    33.0    42.0    54.0    48.0    38.0    41.0    25.0    39.0    40.0    43.0  -999.0  -999.0    36.0    35.0
2019 160    50.0    40.0    45.0    52.0    36.0    42.0    90.0    35.0    35.0    45.0    38.0    39.0    42.0    50.0    42.0    39.0    44.0    26.0    42.0    42.0    38.0  -999.0  -999.0  -999.0    38.0
2019 161    57.0    38.0    53.0    53.0    32.0    54.0    45.0    41.0    46.0    48.0    43.0    51.0    50.0    58.0    53.0    42.0    48.0    31.0    47.0    50.0    45.0  -999.0  -999.0  -999.0  -999.0
2019 162    53.0    36.0    41.0    49.0    43.0    54.0    38.0    38.0    41.0    37.0    32.0    44.0    46.0    43.0    49.0    35.0    46.0    27.0    39.0    43.0    45.0  -999.0  -999.0    38.0    37.0
2019 163    52.0    37.0    43.0    52.0    47.0    54.0    45.0    37.0    41.0    38.0    30.0    44.0    48.0    46.0    59.0    36.0    47.0  -999.0    40.0    49.0    44.0  -999.0  -999.0    36.0    34.0
2019 164    39.0    26.0    35.0    34.0    46.0    53.0    10.0    28.0    39.0    29.0    27.0    36.0    42.0    39.0    35.0  -999.0    36.0  -999.0    31.0    28.0    28.0  -999.0  -999.0    30.0    26.0
2019 165    48.0    38.0    47.0    50.0    44.0    54.0    27.0    41.0    36.0    44.0    42.0    49.0    58.0    54.0    56.0    41.0    52.0    29.0    46.0    49.0    49.0  -999.0  -999.0    38.0    44.0
2019 166    56.0    43.0    51.0    57.0    44.0    56.0    42.0    49.0    44.0    48.0    37.0    49.0    54.0    52.0    62.0    45.0    62.0    31.0    45.0    50.0    55.0  -999.0  -999.0    37.0    37.0
2019 167    44.0    29.0    36.0    41.0    51.0    43.0     5.0    28.0    31.0    34.0    26.0    49.0    33.0    33.0    42.0    33.0    36.0    20.0    31.0    33.0    31.0  -999.0  -999.0    31.0    25.0
2019 168    31.0  -999.0    28.0    33.0    35.0    32.0    16.0    27.0    24.0    26.0    21.0  -999.0    29.0    30.0    30.0    25.0    33.0    20.0    24.0    26.0    30.0  -999.0  -999.0    26.0    22.0
2019 169    29.0    26.0    25.0    27.0    27.0    31.0     2.0    21.0    25.0    29.0    19.0    26.0    30.0    28.0    39.0    21.0    33.0    17.0    20.0    23.0    28.0  -999.0  -999.0    21.0    20.0
2019 170    31.0    34.0    27.0    32.0    28.0    31.0     8.0    21.0    26.0    26.0    17.0    26.0    31.0    32.0    31.0    23.0    36.0    17.0    22.0    23.0    27.0  -999.0  -999.0    19.0    20.0
2019 171    27.0    25.0    25.0    29.0    24.0    32.0     8.0    19.0    24.0    29.0    24.0    26.0    29.0    34.0    24.0    21.0    32.0  -999.0    25.0    23.0    24.0  -999.0  -999.0    19.0    22.0
2019 172    32.0    28.0    28.0    33.0    25.0    36.0    11.0    20.0    27.0    32.0    25.0    27.0    32.0    33.0    26.0    24.0    34.0  -999.0    27.0    32.0    30.0  -999.0  -999.0    22.0    29.0
2019 173    36.0    36.0    35.0    34.0    29.0    36.0    27.0    30.0    29.0    30.0    24.0  -999.0    28.0    43.0    38.0    26.0    36.0    24.0    31.0    32.0    33.0  -999.0  -999.0    23.0    28.0
2019 174    33.0    34.0    28.0    33.0    29.0    29.0  -999.0    28.0    24.0    29.0    22.0  -999.0    29.0    29.0    35.0    20.0    33.0    17.0    29.0    33.0    31.0  -999.0  -999.0    23.0    24.0
2019 175    26.0    22.0    21.0    14.0    25.0    31.0  -999.0    17.0    19.0    24.0    19.0  -999.0    27.0    26.0    18.0    18.0    23.0    13.0    21.0    18.0    20.0  -999.0  -999.0  -999.0    20.0
2019 176    19.0    21.0    20.0  -999.0    27.0    27.0  -999.0    18.0    18.0    23.0    16.0    19.0    24.0    25.0    20.0    16.0    21.0    14.0    17.0    22.0    21.0  -999.0  -999.0  -999.0    18.0
2019 177    25.0    31.0    26.0    28.0    20.0    30.0    15.0    25.0    22.0    26.0    23.0    25.0    30.0    33.0    25.0    26.0    25.0    18.0    24.0    27.0    27.0  -999.0  -999.0  -999.0    22.0
2019 178    32.0    25.0    28.0    27.0    21.0    29.0    16.0    19.0    22.0    26.0    27.0    23.0    26.0    28.0    22.0    26.0    25.0    14.0    22.0    28.0    26.0  -999.0  -999.0  -999.0    23.0
2019 179    30.0    34.0    32.0    39.0    23.0    33.0    25.0    23.0    25.0    30.0    15.0    25.0    27.0    28.0    36.0    31.0    31.0    21.0    27.0    25.0    30.0  -999.0  -999.0  -999.0    28.0
2019 180    31.0    24.0    25.0    23.0    26.0    28.0    14.0    23.0    18.0  -999.0    22.0    22.0    24.0    25.0    18.0    25.0    25.0    16.0    21.0    50.0    22.0  -999.0  -999.0  -999.0    22.0
2019 181    27.0    19.0    19.0    24.0    25.0    23.0    15.0    24.0    17.0    19.0    22.0    19.0    21.0  -999.0    25.0    20.0    20.0    12.0    19.0     0.0    13.0  -999.0  -999.0  -999.0    19.0
2019 182    26.0    30.0    26.0    24.0    22.0    28.0    10.0    19.0    21.0    26.0    22.0    23.0    25.0  -999.0    19.0    24.0    25.0    14.0    19.0  -999.0    18.0  -999.0  -999.0  -999.0    24.0
2019 183    27.0    28.0    28.0    29.0    24.0    30.0    14.0    20.0    23.0    31.0    23.0    24.0    28.0    25.0    36.0    24.0    28.0    15.0    20.0    19.0    16.0  -999.0  -999.0    13.0    19.0
2019 184    28.0    26.0    27.0    29.0    23.0    31.0    16.0    30.0    26.0    29.0    24.0    28.0    29.0    27.0    26.0    24.0    32.0    17.0    22.0    25.0    27.0  -999.0  -999.0    14.0    20.0
2019 185    29.0    32.0    27.0    26.0    26.0    28.0    13.0    20.0    24.0    27.0    26.0    26.0    28.0    30.0    30.0    25.0    31.0    19.0    22.0    21.0    25.0  -999.0  -999.0    16.0    20.0
2019 186    28.0    30.0    29.0    32.0    24.0    31.0    16.0    19.0    22.0    36.0    29.0    25.0    26.0    26.0    31.0    25.0    31.0    18.0    22.0    21.0    23.0  -999.0  -999.0  -999.0    24.0
2019 187    29.0    24.0    28.0    29.0    31.0    29.0    21.0    20.0    23.0    30.0    26.0    25.0    29.0    27.0    32.0    24.0    30.0    18.0    23.0    37.0    25.0  -999.0  -999.0  -999.0    22.0
2019 188    27.0    27.0    25.0    18.0    27.0    29.0    33.0    19.0    23.0    29.0    27.0    24.0    24.0    28.0    35.0    26.0    29.0    18.0    23.0    27.0    24.0  -999.0  -999.0  -999.0    18.0
2019 189    36.0    43.0    36.0  -999.0    28.0    41.0    39.0    33.0    32.0    51.0    38.0    32.0    38.0    38.0    68.0    35.0    44.0    27.0    35.0  -999.0    37.0  -999.0  -999.0  -999.0    30.0
2019 190    43.0    42.0    42.0    42.0    35.0    41.0    32.0    34.0    32.0    38.0    36.0    33.0    34.0    42.0    26.0    42.0    41.0    23.0    37.0    35.0    37.0  -999.0  -999.0    37.0    35.0
2019 191    36.0    34.0    33.0    35.0    27.0    32.0    23.0    32.0    25.0    27.0    25.0    26.0    30.0    32.0    13.0    35.0    32.0  -999.0    27.0    34.0    27.0  -999.0  -999.0    31.0    28.0
2019 192    17.0    19.0    17.0    20.0    14.0    18.0     7.0    12.0    11.0    13.0    16.0    15.0    19.0    19.0    29.0    19.0    19.0  -999.0    14.0    12.0    14.0  -999.0  -999.0    20.0    14.0
2019 193    20.0    23.0    22.0    23.0    15.0    23.0    13.0    13.0    16.0    22.0    20.0    18.0    20.0    26.0  -999.0    39.0    23.0  -999.0    19.0    20.0    19.0  -999.0  -999.0    16.0    17.0
2019 194    23.0    30.0    28.0    26.0    26.0    25.0    14.0    18.0    16.0    18.0    19.0    17.0    22.0    25.0    27.0    26.0    23.0  -999.0    19.0    22.0    22.0  -999.0  -999.0    17.0    19.0
2019 195    16.0    20.0    13.0    12.0    12.0    16.0     8.0    17.0    12.0    13.0    16.0    12.0    13.0     5.0    11.0    12.0    12.0  -999.0    12.0    12.0    15.0  -999.0  -999.0    13.0    13.0
2019 196    13.0    14.0    19.0    15.0    14.0    16.0     4.0     8.0    11.0    14.0    14.0    13.0    12.0    15.0     9.0    16.0    14.0  -999.0    13.0    15.0    13.0  -999.0  -999.0    13.0    19.0
2019 197    12.0    11.0    18.0    12.0    11.0    15.0     6.0     8.0    13.0    14.0    12.0    11.0    13.0    15.0    10.0    16.0    11.0    17.0    10.0    10.0     7.0  -999.0  -999.0    14.0    11.0
2019 198    17.0    19.0    22.0    21.0    17.0    21.0    10.0    13.0    18.0    18.0    17.0    16.0    21.0    22.0    17.0    20.0    21.0    18.0    16.0  -999.0    43.0  -999.0  -999.0    14.0    17.0
2019 199    23.0    25.0    28.0    21.0    30.0    24.0     8.0    14.0    18.0    20.0    17.0  -999.0    23.0    26.0    24.0    24.0    26.0    24.0    21.0  -999.0    24.0  -999.0  -999.0    15.0    20.0
2019 200    21.0    20.0    30.0    21.0    29.0    33.0    10.0    13.0    16.0    26.0    18.0  -999.0    21.0    26.0    22.0    26.0    23.0    21.0    19.0    16.0    22.0  -999.0  -999.0    14.0    16.0
2019 201    18.0    22.0    21.0    15.0    20.0    21.0    10.0    11.0    15.0    20.0    16.0    16.0    21.0    19.0    20.0  -999.0    20.0    19.0    13.0    15.0    22.0  -999.0  -999.0    14.0    16.0
2019 202    18.0    19.0    23.0    17.0    16.0    19.0     7.0    16.0    16.0    28.0    18.0    16.0    18.0    18.0    15.0  -999.0    18.0    17.0    15.0    21.0    20.0  -999.0  -999.0    13.0    14.0
2019 203    21.0    21.0    25.0    24.0    19.0    24.0    11.0    19.0    18.0    33.0    19.0    23.0    24.0    26.0    26.0  -999.0    26.0    25.0    18.0    22.0    25.0  -999.0  -999.0    15.0    17.0
2019 204    25.0    27.0    29.0    26.0    19.0    25.0    16.0    25.0    21.0    36.0    29.0    23.0    25.0    30.0    23.0    27.0    27.0    28.0    23.0    25.0    25.0  -999.0  -999.0    18.0    23.0
2019 205    24.0    27.0    26.0    23.0    21.0    24.0    14.0    19.0    22.0    23.0    26.0    25.0    24.0    26.0    27.0    24.0    27.0    27.0    20.0    31.0    26.0  -999.0  -999.0    20.0    21.0
2019 206    28.0    28.0    26.0    28.0    25.0    27.0    13.0    17.0    24.0    22.0    28.0    23.0    21.0    26.0    24.0    26.0    31.0    26.0    21.0    24.0    23.0  -999.0  -999.0    20.0    22.0
2019 207    26.0    22.0    28.0    23.0    29.0    28.0    13.0    15.0    22.0    37.0    26.0    23.0    21.0    24.0  -999.0    19.0    28.0    30.0    20.0    19.0    15.0  -999.0  -999.0    19.0    17.0
2019 208    25.0    28.0    23.0    34.0    25.0    23.0    24.0    27.0    23.0  -999.0  -999.0    28.0    22.0    29.0  -999.0    20.0    26.0    43.0    22.0    25.0    26.0  -999.0  -999.0    22.0    25.0
2019 209    23.0    21.0    17.0    29.0    30.0    17.0     7.0    16.0  -999.0  -999.0     6.0    13.0    16.0    16.0    24.0    13.0    17.0    17.0    15.0    21.0    24.0  -999.0  -999.0    29.0    24.0
2019 210    17.0    27.0    25.0    25.0    17.0    25.0    14.0    17.0  -999.0  -999.0  -999.0    16.0    19.0    25.0    25.0    20.0    23.0    22.0    18.0  -999.0    33.0  -999.0  -999.0    28.0    19.0
2019 211    21.0    22.0    28.0    26.0    18.0    21.0    10.0    22.0    18.0    21.0    17.0    17.0    21.0    16.0    35.0    17.0    24.0    23.0    18.0    30.0    34.0  -999.0  -999.0    24.0    17.0
2019 212    23.0    24.0    33.0    32.0    20.0    22.0     9.0    18.0    23.0    24.0    20.0    20.0    26.0    31.0    48.0    27.0    26.0    31.0    18.0  -999.0    27.0  -999.0  -999.0    22.0    18.0
2019 213    23.0    29.0    29.0    29.0    20.0    22.0     9.0    21.0    26.0    25.0    19.0    21.0    25.0    29.0    28.0  -999.0    26.0    26.0    21.0    21.0    30.0  -999.0  -999.0    20.0    19.0
2019 214    25.0    29.0    30.0    26.0    30.0    30.0    15.0    17.0    20.0    27.0    19.0    21.0    22.0    34.0    30.0  -999.0    28.0    26.0    23.0    16.0    21.0  -999.0  -999.0    18.0    19.0
2019 215    25.0    20.0  -999.0    20.0    13.0    19.0     8.0    14.0    16.0    20.0    17.0    16.0    20.0    20.0  -999.0    19.0    19.0    18.0    18.0    22.0    22.0  -999.0  -999.0    18.0    19.0
2019 216    17.0    16.0    16.0    19.0    17.0    18.0     5.0    12.0    13.0    18.0    16.0    14.0    16.0    18.0    12.0    16.0    19.0    17.0    15.0    16.0    13.0  -999.0  -999.0    17.0    16.0
2019 217    20.0    19.0    21.0    20.0    18.0    20.0    10.0    12.0    17.0    18.0    16.0    17.0    17.0    21.0  -999.0    17.0    20.0    19.0    15.0    20.0    17.0  -999.0  -999.0    16.0    16.0
2019 218    20.0    24.0    21.0    22.0    21.0    21.0    11.0    13.0    20.0    22.0    18.0    20.0    21.0    22.0  -999.0    19.0    21.0    18.0  -999.0    14.0    16.0  -999.0  -999.0    16.0    16.0
2019 219    20.0    26.0    23.0    20.0    16.0    22.0    16.0    17.0    20.0    21.0    18.0    20.0    20.0    24.0    20.0    19.0    20.0    19.0    19.0  -999.0    18.0  -999.0  -999.0    15.0    17.0
2019 220    26.0    30.0    28.0    29.0    30.0    29.0    26.0    24.0    24.0    26.0    26.0    24.0    24.0    30.0    32.0    27.0  -999.0    30.0    28.0    29.0    37.0  -999.0  -999.0    20.0    24.0
2019 221    38.0    35.0    34.0    40.0    34.0    38.0    23.0    25.0    31.0    37.0    33.0    32.0    33.0    33.0    39.0    32.0    36.0    35.0    29.0    53.0    32.0  -999.0  -999.0    29.0    28.0
2019 222    39.0    27.0    29.0    29.0    32.0    37.0    14.0    20.0    28.0    29.0    26.0    27.0    30.0    29.0    31.0    28.0    31.0    30.0    24.0    63.0    25.0  -999.0  -999.0    27.0    22.0
2019 223    13.0    23.0    23.0    26.0    26.0    29.0    10.0    18.0    18.0    22.0    25.0    25.0    22.0    24.0    20.0    20.0    23.0    23.0    20.0    46.0    16.0  -999.0  -999.0    23.0    19.0
2019 224    24.0    25.0    22.0    25.0    21.0  -999.0    11.0    17.0    20.0    25.0    22.0    23.0    23.0    23.0    20.0    20.0    22.0    20.0    21.0  -999.0    20.0  -999.0  -999.0    21.0    22.0
2019 225    30.0    26.0    26.0    28.0    25.0    29.0    23.0    25.0    23.0    27.0    26.0    26.0    28.0    26.0    31.0    24.0    28.0    27.0    23.0    28.0    29.0  -999.0  -999.0    22.0    25.0
2019 226    31.0    21.0    26.0    30.0    22.0    29.0    12.0    17.0    20.0    23.0    20.0    22.0    25.0    24.0    31.0    22.0    24.0    22.0    22.0    29.0    26.0  -999.0  -999.0    25.0    21.0
2019 227    18.0     9.0    11.0    17.0    13.0    16.0     7.0    14.0    11.0    13.0    13.0    12.0    15.0    13.0     8.0    12.0    10.0    12.0    11.0    11.0    14.0  -999.0  -999.0    21.0    14.0
2019 228    18.0    17.0    20.0    22.0    15.0    19.0    14.0    18.0    13.0    21.0    18.0    17.0    20.0    20.0    25.0    17.0    18.0    21.0    16.0    25.0    23.0  -999.0  -999.0    20.0    17.0
2019 229    20.0    20.0    21.0    20.0    19.0    21.0    12.0    19.0    15.0    22.0    17.0    17.0    22.0    20.0    29.0    20.0    20.0    20.0    16.0    15.0    23.0  -999.0  -999.0    18.0    17.0
2019 230    21.0    19.0    15.0    19.0    17.0    19.0     7.0    15.0    15.0    19.0    17.0    18.0    17.0    23.0    13.0    16.0    16.0    15.0    15.0  -999.0    23.0  -999.0  -999.0    16.0    16.0
2019 231    21.0    16.0    17.0    19.0    20.0    19.0     6.0    13.0    15.0    19.0    15.0    19.0    19.0    15.0    17.0    15.0    18.0    18.0    13.0     8.0    18.0  -999.0  -999.0    15.0    15.0
2019 232    22.0    22.0    19.0    21.0    22.0    23.0    12.0    18.0    17.0    22.0    17.0    24.0    19.0    20.0    16.0    17.0    18.0    20.0    16.0  -999.0    18.0  -999.0  -999.0    14.0    16.0
2019 233    28.0    23.0    19.0    18.0    27.0    26.0    18.0    14.0    19.0    20.0    19.0    21.0    21.0    18.0    40.0    18.0    25.0    27.0    17.0    23.0    28.0  -999.0  -999.0    15.0    16.0
2019 234    30.0    25.0    22.0    27.0    28.0    28.0    20.0    21.0    21.0    20.0    21.0    23.0    22.0    20.0    26.0    22.0    26.0    27.0    18.0    21.0    23.0  -999.0  -999.0    17.0    17.0
2019 235    28.0    30.0    24.0    26.0    24.0    32.0    16.0    22.0    22.0    28.0    26.0    29.0    27.0    31.0    20.0    23.0    24.0    25.0    22.0    22.0    25.0  -999.0  -999.0    19.0    23.0
2019 236    23.0    19.0    20.0  -999.0    19.0    31.0    17.0    24.0    19.0    20.0    21.0    21.0    25.0    25.0    19.0    19.0    20.0    20.0    19.0    24.0    22.0  -999.0  -999.0    17.0    20.0
2019 237    25.0    23.0    22.0    17.0    16.0    23.0    18.0    27.0    18.0    20.0    19.0    20.0    23.0    25.0    24.0    18.0    20.0    22.0    18.0    22.0    22.0  -999.0  -999.0    17.0    20.0
2019 238    24.0    23.0    20.0     0.0    23.0    29.0    14.0    21.0    22.0    25.0    22.0    22.0    25.0    23.0    23.0    21.0    21.0    22.0    19.0    21.0    22.0  -999.0  -999.0    17.0    19.0
2019 239    23.0    25.0    23.0  -999.0    22.0    30.0    16.0    21.0    24.0    24.0    23.0    25.0    26.0    23.0    28.0    22.0    26.0    26.0    19.0    21.0    23.0  -999.0  -999.0    17.0    20.0
2019 240    31.0    32.0    30.0    26.0    22.0    27.0    15.0    27.0    25.0    29.0    30.0  -999.0    26.0    30.0    31.0    27.0    28.0    29.0    23.0    24.0    31.0  -999.0  -999.0    18.0    27.0
2019 241    29.0    27.0    25.0    25.0    18.0    24.0    18.0    21.0    21.0    26.0    24.0  -999.0    22.0  -999.0    21.0    21.0    21.0    22.0    19.0    22.0    26.0  -999.0  -999.0    18.0    24.0
2019 242    23.0    26.0    22.0    24.0  -999.0    23.0    18.0    25.0    22.0    24.0    24.0    21.0    25.0    21.0    23.0    21.0    22.0    23.0    20.0    27.0    30.0  -999.0  -999.0    19.0    22.0
2019 243    28.0    23.0    23.0    29.0  -999.0    27.0  -999.0    27.0    22.0    25.0    26.0    22.0    24.0    22.0    23.0    21.0    22.0    24.0    21.0    29.0    27.0  -999.0  -999.0    19.0    24.0
2019 244    26.0    24.0    22.0    27.0    26.0    29.0     0.0    24.0    21.0    27.0    23.0    21.0    25.0    23.0    25.0    21.0    22.0    25.0    20.0    28.0    25.0  -999.0  -999.0    20.0    23.0
2019 245    29.0    33.0    23.0    30.0    23.0    38.0  -999.0    23.0    23.0    20.0    26.0    22.0    29.0    23.0  -999.0    23.0    29.0    29.0    21.0    31.0    29.0  -999.0  -999.0    21.0    24.0
2019 246    25.0    19.0    21.0    21.0    19.0    34.0    10.0    15.0    18.0    21.0    16.0    18.0    22.0    21.0    11.0    19.0    21.0    19.0    16.0    16.0    15.0  -999.0  -999.0    18.0    17.0
2019 247    16.0    14.0    14.0    14.0    13.0    21.0     7.0    17.0    13.0    12.0    12.0    13.0    19.0    17.0    16.0    13.0    17.0    11.0    11.0    13.0    11.0  -999.0  -999.0    13.0    12.0
2019 248    20.0    24.0    19.0    28.0    16.0    27.0     9.0    16.0    17.0    15.0    17.0    17.0    20.0    23.0    17.0    18.0    21.0    20.0    15.0    17.0    18.0  -999.0  -999.0    14.0    18.0
2019 249    30.0    25.0    26.0    29.0    23.0    28.0    19.0    26.0    24.0    27.0    26.0    22.0    24.0    33.0    31.0    28.0    30.0    27.0    28.0    28.0    23.0  -999.0  -999.0    20.0    27.0
2019 250    27.0    24.0    21.0    21.0    17.0    20.0     9.0    15.0    16.0    18.0    20.0    16.0    17.0    24.0    29.0    20.0    21.0    20.0    17.0    19.0    22.0  -999.0  -999.0    18.0    22.0
2019 251    21.0    17.0    18.0    17.0    11.0    19.0    10.0    17.0    13.0    18.0    17.0    13.0    15.0    21.0    18.0    17.0    18.0    17.0    18.0    17.0    17.0  -999.0  -999.0    20.0    22.0
2019 252    21.0    18.0    20.0    19.0    19.0    26.0    10.0    19.0    17.0    19.0    21.0    21.0    20.0  -999.0    24.0    20.0    23.0    19.0    18.0    20.0    18.0  -999.0  -999.0    22.0    21.0
2019 253    26.0    21.0    22.0    24.0    16.0    40.0    11.0    16.0    16.0    23.0    19.0    21.0    17.0    23.0    29.0    19.0    23.0    21.0    15.0    15.0    18.0  -999.0  -999.0    19.0    17.0
2019 254    25.0    20.0    22.0    25.0    19.0    48.0     8.0    17.0    18.0    21.0    18.0    18.0    23.0    24.0    21.0    20.0    24.0    22.0    16.0    18.0    17.0  -999.0  -999.0    16.0    17.0
2019 255    23.0    21.0    25.0    20.0    15.0    31.0    11.0    24.0    20.0    23.0    21.0    20.0    26.0    25.0    21.0    22.0    21.0    20.0    18.0    21.0    25.0  -999.0  -999.0    16.0    18.0
2019 256    26.0    29.0    26.0    27.0    22.0  -999.0    13.0    24.0    23.0    28.0    23.0    27.0    28.0    33.0    25.0    27.0    30.0    25.0    21.0    24.0    22.0  -999.0  -999.0    17.0    18.0
2019 257    32.0    32.0    29.0    30.0    28.0    35.0    17.0    27.0    25.0    29.0    24.0    27.0    31.0    32.0    32.0    29.0    31.0    29.0    22.0    25.0    26.0  -999.0  -999.0    19.0    24.0
2019 258    29.0    21.0    21.0    20.0    21.0    28.0    10.0    20.0    20.0    23.0    20.0    21.0    20.0    22.0    18.0    20.0    22.0    23.0    19.0    23.0    22.0  -999.0  -999.0    18.0    21.0
2019 259    28.0    24.0    21.0    24.0    20.0    39.0    13.0    27.0    23.0    26.0    22.0    26.0    24.0    24.0    30.0    18.0    28.0    29.0    23.0    25.0    23.0  -999.0  -999.0    17.0    22.0
2019 260    32.0    24.0    24.0    29.0    21.0    39.0    17.0    15.0    25.0    27.0    26.0    23.0    23.0    28.0    29.0    24.0    30.0    29.0    23.0    20.0    24.0  -999.0  -999.0    19.0    25.0
2019 261    32.0    28.0    22.0    28.0    35.0    36.0    17.0    14.0    21.0    25.0    29.0    22.0    22.0    24.0  -999.0    24.0    30.0    34.0    21.0    20.0    22.0  -999.0  -999.0    20.0    22.0
2019 262    32.0    25.0    27.0    24.0    25.0    26.0    13.0    20.0    20.0    24.0    21.0    21.0    21.0    29.0    21.0    24.0    26.0    27.0    20.0    20.0    19.0  -999.0  -999.0    18.0    21.0
2019 263    21.0    20.0    18.0    18.0    18.0    23.0     9.0    15.0    18.0    18.0    15.0    15.0    21.0    21.0    14.0    17.0    18.0    20.0    15.0    15.0    13.0  -999.0  -999.0    15.0    16.0
2019 264    20.0    21.0    21.0    23.0    23.0    25.0    12.0    17.0    20.0    23.0    19.0    16.0    24.0    25.0    26.0    20.0    20.0    25.0    18.0    18.0    19.0  -999.0  -999.0    15.0    17.0
2019 265    26.0    22.0    22.0    17.0    18.0    19.0     6.0    16.0    13.0    18.0     9.0    12.0    17.0    22.0    18.0    18.0    14.0    16.0    15.0    10.0    13.0  -999.0  -999.0    14.0    13.0
2019 266    21.0    25.0    22.0    27.0    29.0    24.0    11.0    17.0    18.0    16.0  -999.0    16.0    26.0    25.0    33.0    25.0    25.0    22.0    20.0    19.0    19.0  -999.0  -999.0    20.0    28.0
2019 267    21.0    16.0    16.0    16.0    12.0  -999.0     7.0    12.0    14.0    13.0  -999.0    14.0    16.0    16.0    17.0    13.0    16.0    17.0    13.0    20.0    24.0  -999.0  -999.0    17.0    17.0
2019 268    22.0    25.0    21.0    25.0    24.0    22.0    13.0    21.0    16.0    14.0  -999.0    14.0    18.0    23.0    27.0    17.0    21.0    21.0    15.0    41.0    24.0  -999.0  -999.0    16.0    15.0
2019 269    23.0    20.0    23.0    34.0    22.0    24.0     9.0    16.0    15.0    18.0    16.0    15.0    28.0    26.0    32.0    21.0    24.0    22.0    17.0    26.0    16.0  -999.0  -999.0    17.0    19.0
2019 270    25.0    30.0    29.0    27.0    20.0    25.0     9.0    23.0    19.0    25.0  -999.0    19.0    26.0    31.0    27.0    25.0    27.0    26.0    18.0    42.0    30.0  -999.0  -999.0    18.0    21.0
2019 271    30.0    31.0    27.0    27.0    27.0    26.0    14.0    17.0    17.0    22.0    20.0    16.0    19.0    30.0    35.0    28.0    25.0    25.0    20.0    40.0    24.0  -999.0  -999.0    17.0    18.0
2019 272    24.0    20.0    22.0    22.0    14.0    20.0     9.0    18.0    16.0    19.0    17.0    15.0    18.0    24.0    21.0    22.0    18.0    21.0    17.0    16.0    18.0  -999.0  -999.0    14.0    14.0
2019 273    24.0    26.0    23.0    26.0    22.0    26.0    11.0    15.0    16.0    22.0    18.0    17.0    19.0    26.0    29.0    22.0    24.0    23.0    17.0    19.0    20.0  -999.0  -999.0    14.0    18.0
2019 274    27.0    24.0    23.0    26.0    20.0    27.0    14.0    19.0    17.0    19.0    15.0    16.0    19.0    25.0    28.0  -999.0    20.0    26.0    17.0    28.0    20.0  -999.0  -999.0    12.0    16.0
2019 275    31.0    21.0    24.0    24.0    19.0    19.0     9.0    16.0    15.0    19.0    19.0    14.0    17.0    25.0    19.0  -999.0    22.0    25.0    19.0    22.0    16.0  -999.0  -999.0    18.0    18.0
2019 276  -999.0    12.0    13.0    11.0    11.0    13.0     3.0    14.0    14.0    10.0    10.0    10.0    14.0    12.0     8.0    12.0    13.0    14.0     9.0    15.0     8.0  -999.0  -999.0    14.0    15.0
2019 277    26.0    14.0    13.0    12.0    14.0    20.0     5.0    11.0    13.0    12.0     8.0    11.0    13.0    16.0    17.0    14.0    18.0    14.0     9.0    13.0    10.0  -999.0  -999.0    11.0    10.0
2019 278    25.0    22.0    29.0    22.0    18.0    23.0     9.0    15.0    17.0    19.0    18.0    13.0    18.0    29.0    28.0    23.0    22.0    23.0    16.0    22.0    12.0  -999.0  -999.0    14.0    17.0
2019 279    28.0    23.0    27.0    27.0    18.0    22.0     9.0    17.0    18.0    24.0    18.0    18.0    22.0    25.0    27.0    22.0    23.0    22.0    18.0    27.0    22.0  -999.0  -999.0    15.0    18.0
2019 280    22.0    17.0    19.0    13.0    13.0    14.0     5.0    11.0    10.0    14.0    10.0    11.0    12.0    20.0    11.0    16.0    12.0    13.0    12.0    10.0    12.0  -999.0  -999.0    11.0     9.0
2019 281  -999.0    20.0    20.0    17.0    18.0    16.0     6.0    14.0    14.0    17.0    12.0    14.0    22.0    25.0    20.0    18.0    21.0    20.0    12.0    15.0    16.0  -999.0  -999.0    11.0    13.0
2019 282    30.0    25.0    26.0  -999.0    17.0    25.0    10.0    15.0    19.0    20.0    15.0    17.0    19.0    29.0    22.0    22.0    23.0    26.0    19.0    15.0    15.0  -999.0  -999.0    13.0    17.0
2019 283    27.0    26.0    33.0  -999.0    20.0    27.0    13.0    19.0    16.0    26.0    21.0    19.0    32.0    35.0    35.0    30.0    27.0    31.0    21.0    17.0    20.0  -999.0  -999.0    17.0    19.0
2019 284    32.0    29.0    32.0  -999.0    22.0    28.0    14.0    31.0    20.0    29.0    20.0    20.0    34.0    30.0    34.0    31.0    28.0    27.0    20.0  -999.0    31.0  -999.0  -999.0    18.0    20.0
2019 285    33.0    23.0    31.0    28.0    19.0    26.0    12.0    22.0    18.0    22.0    20.0    20.0  -999.0    31.0    30.0    28.0  -999.0    26.0    23.0    27.0    24.0  -999.0  -999.0    18.0    20.0
2019 286    31.0    22.0    28.0    27.0    21.0    25.0    12.0  -999.0    16.0    24.0    19.0    19.0  -999.0    27.0    30.0    28.0    25.0    25.0    21.0    17.0    22.0  -999.0  -999.0    18.0    22.0
2019 287    33.0    34.0    33.0    33.0    27.0    35.0    20.0  -999.0    25.0    26.0    28.0    26.0  -999.0    33.0    40.0    33.0    31.0    33.0    26.0    23.0    30.0  -999.0  -999.0    22.0    26.0
2019 288    40.0    33.0    35.0    34.0    29.0    32.0    16.0    26.0    27.0    32.0    24.0    24.0    35.0    38.0    34.0    32.0    33.0    34.0  -999.0    21.0    24.0  -999.0  -999.0    22.0    26.0
2019 289    25.0    23.0    25.0    24.0    19.0    22.0    10.0    20.0    17.0    15.0    17.0    17.0    19.0    32.0    28.0    23.0    24.0    26.0  -999.0    18.0    19.0  -999.0  -999.0    23.0    24.0
2019 290    28.0    24.0    24.0    26.0  -999.0    27.0    11.0    21.0    17.0    16.0    15.0    17.0    25.0    29.0    21.0    18.0    25.0    24.0    21.0    21.0    22.0  -999.0  -999.0    20.0    20.0
2019 291    28.0    28.0    23.0    23.0  -999.0    26.0     7.0    17.0    20.0    22.0    15.0    17.0    19.0    18.0    22.0    21.0    25.0    23.0    17.0    18.0  -999.0  -999.0  -999.0    17.0    19.0
2019 292    27.0    22.0    24.0    22.0    20.0    29.0     8.0    12.0    17.0    20.0    15.0    18.0    19.0    28.0    26.0    23.0    24.0    24.0  -999.0    12.0  -999.0  -999.0  -999.0    17.0    18.0
2019 293    29.0    25.0    29.0    30.0    20.0    27.0    13.0    15.0    19.0    25.0    19.0    18.0    25.0    31.0    31.0    29.0    28.0    27.0  -999.0    13.0  -999.0  -999.0  -999.0    18.0    21.0
2019 294    38.0    33.0    35.0    36.0    30.0    39.0    18.0    25.0    29.0    31.0    27.0    27.0    31.0    40.0    35.0    37.0    37.0    36.0  -999.0    21.0  -999.0  -999.0  -999.0    21.0    25.0
2019 295    43.0    36.0    39.0    39.0    29.0    40.0    17.0    31.0    32.0    36.0    30.0    31.0    36.0    44.0    38.0    39.0    41.0    38.0  -999.0    30.0    31.0  -999.0  -999.0    25.0    32.0
2019 296    41.0    35.0    33.0    36.0    27.0    35.0    16.0    20.0    29.0    27.0    30.0  -999.0    26.0    44.0    32.0    37.0    37.0    38.0  -999.0    24.0    24.0  -999.0  -999.0    27.0    27.0
2019 297    41.0    30.0    33.0    29.0    30.0    29.0    15.0    20.0    23.0    22.0    21.0  -999.0    23.0    32.0    34.0    29.0    36.0    30.0  -999.0    21.0    18.0  -999.0  -999.0    25.0    25.0
2019 298    25.0    19.0    18.0    19.0    16.0    22.0     9.0    13.0    17.0    18.0    14.0  -999.0  -999.0    30.0    19.0    19.0    24.0    21.0    15.0    15.0    20.0  -999.0  -999.0    20.0    16.0
2019 299    40.0    27.0    28.0    36.0    23.0    32.0    13.0  -999.0    24.0    26.0    21.0  -999.0    27.0    37.0    32.0  -999.0    30.0    29.0    24.0    26.0    29.0  -999.0  -999.0    22.0    25.0
2019 300    36.0    32.0    29.0    27.0    17.0    27.0    13.0  -999.0    21.0    24.0    21.0  -999.0    23.0    33.0    27.0  -999.0    28.0    25.0    22.0    17.0    20.0  -999.0  -999.0    19.0    20.0
2019 301    39.0    30.0    32.0    31.0    28.0    34.0    13.0  -999.0    24.0    26.0    20.0  -999.0    26.0    36.0    28.0  -999.0    30.0    27.0    23.0    21.0    25.0  -999.0  -999.0    19.0    23.0
2019 302    41.0    27.0    32.0    31.0    24.0    36.0    16.0    23.0    25.0    27.0    21.0  -999.0    30.0    39.0    31.0    30.0    33.0    31.0    27.0    22.0    24.0  -999.0  -999.0    20.0    25.0
2019 303    39.0    29.0    30.0    33.0    24.0    30.0    10.0    20.0    25.0    29.0    21.0  -999.0    27.0    36.0    35.0    32.0    30.0    30.0    24.0    14.0    19.0  -999.0  -999.0    21.0    22.0
2019 304    35.0    32.0    30.0    27.0    25.0    31.0    11.0    20.0    20.0    28.0    20.0  -999.0    25.0    32.0    34.0    30.0    27.0    26.0    23.0    16.0    23.0  -999.0  -999.0    21.0    24.0
2019 305    25.0    24.0    20.0    20.0    13.0    17.0     7.0     9.0    15.0    19.0    13.0    15.0    19.0    21.0    17.0    16.0    19.0    17.0    15.0    11.0    10.0  -999.0  -999.0    15.0    12.0
2019 306    17.0    13.0    11.0  -999.0    16.0    18.0     5.0     7.0    10.0    10.0     9.0     9.0     7.0    15.0    13.0     7.0    10.0     9.0    11.0     8.0     7.0  -999.0  -999.0    11.0     9.0
2019 307    23.0    17.0    14.0    14.0    11.0    12.0     9.0    17.0    11.0    11.0    17.0    12.0    14.0    20.0    27.0    13.0    16.0    17.0    19.0    18.0    16.0  -999.0  -999.0    17.0    21.0
2019 308    23.0    20.0    18.0  -999.0    32.0    25.0    14.0    19.0    18.0    16.0    15.0    16.0    23.0    28.0    41.0    19.0  -999.0    22.0    17.0    19.0    20.0  -999.0  -999.0    29.0    26.0
2019 309    30.0    20.0    20.0    27.0    20.0  -999.0    14.0    29.0    17.0    21.0    17.0    17.0    21.0    24.0    23.0    18.0    30.0    20.0    20.0    19.0    17.0  -999.0  -999.0    27.0    23.0
2019 310    20.0    22.0    18.0    18.0    13.0    20.0     8.0    17.0    13.0    16.0    10.0    13.0    20.0    32.0    23.0    21.0    35.0    21.0    15.0    13.0    12.0  -999.0  -999.0    22.0    19.0
2019 311    22.0    23.0    24.0    22.0    16.0    26.0     8.0    17.0    17.0    19.0    16.0    15.0    20.0    33.0    18.0    23.0    35.0    24.0    20.0    14.0    19.0  -999.0  -999.0    19.0    17.0
2019 312    22.0    18.0    21.0    14.0    17.0    16.0     7.0    12.0    13.0    18.0    10.0    11.0    15.0    27.0    18.0    17.0    23.0    14.0    13.0    11.0     8.0  -999.0  -999.0    15.0    12.0
2019 313    12.0    15.0    15.0  -999.0    15.0    19.0     5.0    10.0    10.0    12.0     8.0    12.0    14.0    26.0    10.0    14.0    20.0    13.0    11.0     8.0     8.0  -999.0  -999.0    12.0     9.0
2019 314    12.0    17.0    16.0    11.0    16.0  -999.0     2.0     6.0    10.0    13.0     9.0    11.0    12.0    24.0    12.0    12.0    16.0    13.0    10.0     7.0    10.0  -999.0  -999.0    10.0     8.0
2019 315    11.0    11.0    12.0    11.0    12.0    20.0     2.0     5.0    15.0    11.0  -999.0    10.0    14.0    13.0    10.0    10.0    19.0     9.0    10.0     6.0     6.0  -999.0  -999.0     8.0     7.0
2019 316    16.0    15.0    16.0    14.0    19.0    20.0     7.0     7.0    15.0    10.0  -999.0    13.0    15.0    17.0    12.0    11.0    21.0    12.0    13.0     8.0    10.0  -999.0  -999.0     8.0    11.0
2019 317    14.0    21.0    19.0    19.0    17.0    23.0    12.0    17.0    13.0    21.0    12.0    16.0    16.0    33.0    21.0    21.0    33.0    22.0    18.0    12.0  -999.0  -999.0  -999.0    15.0    18.0
2019 318    21.0    17.0    23.0    15.0    20.0    20.0    14.0    12.0    14.0    17.0    10.0    12.0     8.0    24.0    16.0    17.0    21.0    16.0    14.0    13.0    24.0  -999.0  -999.0    12.0     9.0
2019 319    16.0    21.0    21.0    20.0    20.0    19.0    13.0    16.0  -999.0    18.0  -999.0    12.0    15.0    29.0    23.0    19.0    29.0    18.0    17.0     0.0    23.0  -999.0  -999.0    17.0    16.0
2019 320    20.0    23.0    32.0    28.0    24.0  -999.0     8.0    20.0    25.0    30.0  -999.0    21.0    22.0    37.0    20.0    29.0    33.0    25.0    24.0    17.0    35.0  -999.0  -999.0    21.0    23.0
2019 321    30.0    22.0    28.0    25.0    24.0    29.0    17.0    25.0    22.0    22.0    19.0    21.0    25.0    31.0    27.0    25.0    38.0    23.0    26.0    19.0    33.0  -999.0  -999.0    23.0    22.0
2019 322    18.0    18.0    24.0    16.0    18.0    21.0    10.0    15.0    18.0    17.0    11.0    11.0    10.0    27.0    16.0    18.0    23.0    16.0    12.0  -999.0    13.0  -999.0  -999.0    18.0    11.0
2019 323    13.0    13.0    21.0    18.0    13.0    16.0    11.0    18.0    15.0    14.0    11.0    10.0    15.0    31.0    10.0    16.0    16.0    17.0    13.0    20.0    19.0  -999.0  -999.0    18.0    14.0
2019 324    21.0    30.0    30.0    20.0    22.0    28.0     9.0    14.0    22.0    27.0    14.0    24.0    24.0    41.0    28.0    25.0    37.0    23.0    23.0  -999.0    13.0  -999.0  -999.0    15.0    14.0
2019 325    16.0    19.0    22.0    17.0    21.0    26.0     6.0     8.0    17.0    15.0    12.0    15.0    13.0    30.0    12.0    16.0    18.0    17.0    15.0  -999.0    10.0  -999.0  -999.0    12.0    10.0
2019 326    17.0    20.0    23.0    16.0    24.0    29.0     9.0    10.0    23.0    17.0    10.0    13.0     9.0    38.0  -999.0    25.0    22.0    21.0    12.0  -999.0     8.0  -999.0  -999.0    11.0    11.0
2019 327    19.0    17.0    22.0    17.0    20.0    19.0    16.0    21.0    13.0    12.0    13.0    15.0    13.0    28.0    18.0    20.0    24.0    19.0    15.0    17.0    15.0  -999.0  -999.0    15.0    19.0
2019 328    12.0    10.0     9.0    13.0    12.0    20.0     2.0     6.0    12.0     5.0    10.0    14.0    10.0    12.0    10.0     8.0    20.0     6.0    16.0     9.0     4.0  -999.0  -999.0    13.0    12.0
2019 329    21.0    24.0    22.0    22.0    20.0    24.0     5.0    19.0    27.0    18.0    12.0    25.0    24.0    32.0    24.0    24.0    42.0    22.0    17.0  -999.0    19.0  -999.0  -999.0    13.0    16.0
2019 330    36.0    34.0    39.0    39.0    25.0    42.0    10.0    29.0    29.0    30.0    20.0    30.0    33.0    47.0    35.0    38.0    65.0    33.0    31.0  -999.0    35.0  -999.0  -999.0    17.0    28.0
2019 331    37.0    27.0    35.0    25.0    31.0    48.0    15.0    22.0    17.0    29.0    16.0    20.0    17.0    37.0    30.0    27.0    44.0    24.0    21.0  -999.0    19.0  -999.0  -999.0    18.0    21.0
2019 332    22.0    26.0    24.0    23.0    25.0  -999.0    16.0    25.0    20.0    24.0    17.0    19.0    30.0    42.0    35.0    27.0    47.0    28.0    21.0  -999.0    24.0  -999.0  -999.0    22.0    21.0
2019 333    32.0    36.0    33.0    22.0    33.0  -999.0    18.0    29.0    19.0    32.0    21.0    21.0    30.0    41.0    42.0    36.0    55.0    35.0    27.0    26.0    27.0  -999.0  -999.0    30.0    26.0
2019 334    31.0    25.0    38.0    38.0    20.0  -999.0    16.0    26.0    29.0    27.0    19.0    22.0    35.0    45.0    31.0    31.0    56.0    35.0    33.0    21.0    32.0  -999.0  -999.0    30.0    28.0
2019 335    32.0    33.0    32.0    26.0    27.0  -999.0    19.0    19.0    22.0    33.0    18.0    21.0    20.0    36.0    26.0    24.0    48.0    25.0    23.0    25.0    19.0  -999.0  -999.0    23.0    20.0
2019 336    17.0    22.0    23.0    16.0    28.0  -999.0    14.0    26.0    15.0    17.0    12.0    18.0    16.0    27.0    28.0    17.0    33.0    17.0    16.0    15.0    20.0  -999.0  -999.0    20.0    16.0
2019 337    15.0    21.0    19.0    13.0    16.0  -999.0     5.0    13.0    16.0    14.0     8.0    14.0    23.0    20.0    11.0    14.0    25.0    17.0    13.0    15.0    15.0  -999.0  -999.0    14.0    13.0
2019 338    14.0    20.0    20.0    18.0    24.0    28.0     5.0    17.0    26.0    17.0    10.0    17.0    23.0    18.0    17.0    16.0    32.0    23.0    17.0     9.0    21.0  -999.0  -999.0    13.0    13.0
2019 339    23.0    35.0    31.0    28.0    32.0    43.0    11.0    20.0    36.0    21.0    16.0    26.0    51.0    30.0    23.0    20.0    40.0    27.0    23.0    11.0    23.0  -999.0  -999.0    15.0    19.0
2019 340    44.0    52.0    55.0    59.0    44.0    68.0    22.0    23.0    49.0    46.0  -999.0    42.0    55.0    60.0    53.0    49.0  -999.0    50.0    50.0    22.0    26.0  -999.0  -999.0    24.0    37.0
2019 341    59.0    46.0    52.0    53.0    43.0    62.0    14.0    14.0    28.0    41.0    27.0    30.0    27.0    57.0    50.0    52.0    66.0    47.0    44.0    18.0    15.0  -999.0  -999.0    22.0    32.0
2019 342    40.0    31.0    38.0    32.0    37.0    53.0    12.0    11.0    22.0    27.0    11.0    25.0    19.0    40.0    38.0    33.0    48.0    34.0    34.0     9.0    10.0  -999.0  -999.0    20.0    26.0
2019 343    29.0    29.0    22.0    26.0    26.0    37.0    10.0    12.0    23.0    22.0    16.0    28.0    22.0    31.0    36.0    20.0    46.0    24.0    23.0     8.0    15.0  -999.0  -999.0    20.0    20.0
2019 344    26.0    20.0    22.0    16.0    15.0    18.0     7.0    11.0    14.0    14.0    11.0    14.0    26.0    22.0    14.0    13.0    19.0    18.0    14.0    12.0    11.0  -999.0  -999.0    17.0    15.0
2019 345    14.0    21.0    13.0    20.0    18.0    45.0     6.0    10.0    24.0    11.0    17.0    25.0    31.0    14.0    17.0    12.0    26.0    20.0    21.0    11.0    16.0  -999.0  -999.0    15.0    15.0
2019 346    32.0    34.0    33.0    39.0    37.0    60.0     8.0    11.0    28.0    23.0    22.0    36.0    43.0    30.0    35.0    25.0    39.0    33.0    33.0    11.0    16.0  -999.0  -999.0    29.0    26.0
2019 347    31.0    25.0    29.0    27.0  -999.0    27.0     5.0    10.0    16.0    20.0    15.0    16.0    15.0    26.0    19.0    22.0    25.0    20.0    21.0    12.0    14.0  -999.0  -999.0    29.0    20.0
2019 348    24.0    24.0    28.0    33.0  -999.0    25.0    16.0    15.0    30.0    17.0    15.0    27.0    37.0    47.0    30.0    28.0    51.0    38.0  -999.0    11.0    21.0  -999.0  -999.0    29.0    31.0
2019 349    58.0    41.0    59.0    55.0    43.0    71.0    23.0    17.0    37.0    43.0    26.0    31.0    29.0    60.0    49.0    50.0    68.0    50.0    34.0    18.0    22.0  -999.0  -999.0    29.0    35.0
2019 350    40.0    37.0    44.0    27.0    40.0    48.0    12.0    25.0    33.0    36.0    21.0    24.0    29.0    54.0    31.0    49.0    38.0    42.0    24.0    18.0  -999.0  -999.0  -999.0    29.0    19.0
2019 351    39.0    34.0    52.0    33.0    43.0    53.0    27.0    34.0    34.0    35.0    19.0    24.0    30.0    52.0    34.0    49.0    48.0    49.0    24.0    15.0  -999.0  -999.0  -999.0    29.0    18.0
2019 352    40.0    41.0    46.0    37.0    41.0    51.0    18.0    26.0    48.0    36.0    28.0    31.0    28.0    46.0    45.0    43.0    52.0    46.0    36.0    16.0    20.0  -999.0  -999.0    29.0    31.0
2019 353    31.0    30.0    33.0    28.0    28.0    35.0    25.0  -999.0    33.0    21.0    21.0    23.0    28.0    32.0    25.0    28.0    29.0    31.0    30.0    18.0    22.0  -999.0  -999.0    29.0    21.0
2019 354    41.0    38.0    34.0    46.0    45.0    49.0    33.0  -999.0    45.0    33.0    34.0    42.0    35.0    39.0    47.0    35.0    47.0    42.0    35.0    23.0    32.0  -999.0  -999.0    29.0    30.0
2019 355    27.0    23.0    17.0    21.0    14.0    19.0     1.0    32.0    14.0    14.0    17.0    15.0    12.0    21.0    26.0    17.0    29.0    23.0    21.0    29.0    20.0  -999.0  -999.0    29.0    25.0
2019 356    29.0     0.0    22.0    28.0    22.0    26.0    16.0    35.0    27.0    17.0    19.0  -999.0    22.0    25.0    25.0    23.0    30.0    30.0    25.0    14.0    23.0  -999.0  -999.0    29.0    30.0
2019 357    24.0    23.0    24.0    23.0    21.0    25.0    16.0    34.0    32.0    16.0    27.0  -999.0    36.0    32.0    25.0    25.0    37.0    31.0    21.0    27.0    26.0  -999.0  -999.0    29.0    29.0
2019 358    35.0  -999.0    42.0    43.0    17.0    26.0    13.0    35.0    37.0    27.0    21.0    32.0    44.0    46.0    34.0    35.0    50.0    38.0    44.0    22.0    33.0  -999.0  -999.0  -999.0    39.0
2019 359    45.0    39.0    50.0    47.0    21.0    49.0    16.0    38.0    37.0    38.0    21.0    36.0    61.0    51.0    41.0    41.0    57.0    37.0    37.0    22.0    35.0  -999.0  -999.0  -999.0    34.0
2019 360    43.0    34.0    51.0    48.0    33.0    67.0    14.0    29.0    34.0    34.0    24.0    34.0    55.0    50.0    37.0    40.0    56.0    38.0    42.0    23.0    28.0  -999.0  -999.0  -999.0    37.0
2019 361    51.0    44.0    47.0    38.0    46.0    82.0    16.0    33.0    35.0    41.0    28.0    32.0    52.0    52.0    41.0    43.0    60.0    45.0    53.0    21.0    35.0  -999.0  -999.0  -999.0    43.0
2019 362    38.0    26.0    33.0  -999.0    36.0    48.0     8.0    15.0    18.0    24.0    11.0    17.0    32.0    27.0    21.0    25.0    33.0    25.0    15.0    24.0    20.0  -999.0  -999.0    13.0    17.0
2019 363    12.0    17.0    16.0    12.0    19.0    34.0     7.0    13.0    13.0    12.0     7.0    13.0    30.0    15.0     9.0    12.0    15.0    13.0     9.0    10.0    18.0  -999.0  -999.0    10.0     8.0
2019 364    15.0    19.0    18.0  -999.0    16.0    32.0     8.0    17.0    15.0    15.0    10.0    16.0    38.0    18.0    14.0    16.0    19.0    17.0    13.0     8.0    21.0  -999.0  -999.0    10.0    11.0
2019 365    43.0    35.0    33.0  -999.0    30.0    55.0     8.0    26.0    32.0    30.0    18.0    43.0    60.0    46.0    42.0    35.0    61.0    31.0    48.0    11.0    37.0  -999.0  -999.0    17.0    23.0
